40	92	
92	90
92	155					
92	161					
92	162					
92	163					
92	164				
161	36					
161	44					
161	89					
161	90					
161	92					
161	106					
161	162					
161	163					
161	164					
161	224
162	89
162	92
162	161
162	163
162	164
162	224
162	225
162	226
162	227
162	228		
163	161
164	162				
164	161					
224	89
224	92
224	106
224	161
224	162
224	163
224	164
224	225
224	226
224	229				
225	89
225	92
225	161
225	162
225	163
225	164
225	224
225	228
225	229
225	294
226	89
226	90
226	92
226	161
226	162
226	163
226	224
226	228
226	229
226	1128
228	92
228	161
228	162
228	163
228	224
228	225
228	226
228	1128
228	1129
229	92
229	162
229	163
229	164
229	224
229	225
229	226
229	228
229	294
229	2527
294	92
294	161
294	163
294	224
294	225
294	226
294	228
294	229
294	1128
294	2527
1128	89
1128	92
1128	161
1128	162
1128	163
1128	226
1128	228
1128	294
1128	1129
1129	92
1129	162
1129	226
1129	228
1129	1128
2527	229
2527	294