37   44
42   37
44   37
149   37
149   151
149   152
151   149
151   152
152   149
152   151
153   37
153   44
176   37
179   44
308   312
312   308
515   522
522   515
1057   806
1277   1278
1277   1281
1278   1277
1278   1281
1281   1277
1281   1278
1288   1287
1288   1290
1293   1294
1294   1293
1467   1880
1608   1622
1608   1980
1622   1980
1625   1627
1625   1629
1625   1631
1627   1629
1627   7529
1628   1630
1629   1627
1629   7529
1630   1628
1631   1625
1632   1627
1635   1636
1635   1640
1636   1635
1636   1640
1640   1635
1640   1636
1677   1678
1677   1679
1678   1677
1678   1679
1679   1677
1679   1678
1679   1681
1681   1677
1681   1678
1681   1679
1700   16264
1880   1467
1898   1722
1938   856
1980   1608
1980   1622
2302   2305
2305   2302
2305   8694
2533   9268
2533   9269
2687   7681
2783   8719
2955   1287
3152   1668
3152   14113
3437   3440
3592   6606
3592   6609
3607   6611
4024   4023
4200   37
4462   15670
4533   4534
4533   5415
4534   4533
4534   5415
4743   6827
4747   4749
4749   4747
4752   4753
4753   4752
4759   4766
4759   7529
4761   4763
4761   4765
4763   4761
4763   4765
4765   4761
4765   4763
4766   4759
4766   7529
4818   8858
4822   4818
4822   8858
4884   1608
4925   4927
4927   4925
5415   4533
5415   4534
6524   6525
6524   6529
6525   6524
6525   6529
6529   1682
6529   6524
6529   6525
6531   6524
6531   6525
6531   6529
6531   13237
6606   3592
6606   6609
6609   3592
6609   6606
6611   3607
6631   6635
6635   6631
6749   6754
6756   6758
6756   6759
6756   6760
6758   6756
6758   6759
6759   6756
6759   6758
6759   6760
6760   6756
6760   6759
6760   13255
6782   179
6827   4743
6873   5780
7223   9650
7257   7258
7258   7257
7260   37
7260   44
7260   7261
7260   7263
7261   37
7261   7260
7261   7263
7263   37
7263   7260
7263   7261
7337   7338
7338   7337
7341   7337
7529   1627
7529   1629
7587   7917
7591   7590
7703   7705
7705   7703
7707   15098
7917   7587
7948   30679
8201   8202
8202   8201
8211   23987
8247   8248
8248   8247
8253   8254
8254   8253
8326   12511
8326   12512
8333   10758
8338   8339
8338   8340
8339   8338
8340   8338
8340   8339
8398   12515
8645   522
8694   2302
8694   2305
8858   4818
8858   4822
9120   11440
9182   27781
9244   9246
9244   9247
9246   9244
9246   9247
9247   9244
9247   9246
9250   1677
9252   211
9254   6085
9254   54953
9262   22358
9268   2533
9268   17662
9270   9271
9270   9272
9270   9275
9270   9276
9271   9270
9271   9272
9271   9274
9272   9271
9272   9274
9274   9271
9274   9272
9275   9270
9276   9270
9279   9281
9279   9282
9279   9284
9281   9279
9281   9282
9282   9279
9282   9281
9282   9284
9284   9279
9284   9282
9284   9286
9286   9284
9286   15800
9708   10443
9756   9755
9765   9766
9766   9765
9875   18833
9890   29730
9895   12356
9895   12357
9895   12358
9897   9899
9899   9897
10012   10015
10012   16649
10034   15577
10035   11980
10072   10076
10072   15585
10076   10072
10076   10078
10076   15585
10078   10076
10078   10080
10078   15585
10079   10072
10079   15585
10080   10078
10082   10081
10086   5205
10443   9708
10443   17777
10490   17780
10750   1562
10758   8333
10910   6754
11122   11124
11124   11122
11295   2502
11304   20971
11304   20972
11429   11430
11429   11431
11429   11433
11430   11431
11430   11433
11430   11434
11430   11435
11431   11430
11431   11433
11433   11430
11433   11431
11433   11435
11434   11430
11434   11431
11434   11433
11435   11430
11435   11433
11440   9120
11980   4271
11989   11992
11992   11989
12356   9895
12356   12357
12356   12358
12357   9895
12357   12356
12357   12358
12358   9895
12358   12356
12358   12357
12365   24047
12389   6697
12511   8326
12511   12512
12511   12609
12511   12610
12511   33417
12512   12511
12512   12609
12512   12610
12512   12611
12514   5777
12515   8398
12518   12614
12518   12615
12518   12617
12518   12618
12609   12511
12609   12512
12609   12610
12609   12611
12610   12511
12610   12512
12610   12609
12610   12611
12610   33417
12611   12511
12611   12512
12611   12609
12611   12610
12611   33417
12615   12614
12615   12617
12617   12614
12617   12615
12618   12614
12618   12615
12618   12617
12630   12631
12630   12632
12630   12952
12631   12630
12631   12632
12631   12952
12632   12630
12632   12631
12646   12645
12646   12647
12647   12645
12647   12646
12648   31670
12880   312
12952   12630
12952   12631
12983   6631
12983   38299
12985   28821
12985   28822
13237   6524
13237   6525
13237   6531
13342   19652
13707   4459
13707   85823
14076   17421
14369   14371
14371   14369
14379   14381
14380   14379
14380   15852
14381   14379
14382   14379
14382   14380
14382   14381
14386   14389
14387   14386
14387   14389
14389   14386
14389   14387
14394   9277
14394   35252
14401   44
14939   30918
15249   52354
15274   15276
15274   17992
15276   15274
15276   17992
15276   17997
15278   15279
15279   29885
15282   15283
15283   15282
15286   22125
15354   49273
15397   23360
15564   36402
15577   10034
15585   10072
15585   10076
15585   10078
15670   4462
15689   22430
15690   15689
15709   14620
15733   19652
15733   25167
15736   15738
15738   15736
15800   9279
15800   9284
15800   9286
15852   14380
15852   38981
15855   15856
15856   15855
15969   37
16649   10012
16649   10015
17019   2944
17019   39558
17060   9264
17140   36447
17353   4459
17396   153
17396   62980
17401   1682
17421   14076
17445   18916
17448   44914
17641   20616
17650   37
17651   22886
17662   9268
17777   10443
17780   10490
17884   33209
17884   33211
17884   33213
17884   33214
17884   33215
17992   15274
17992   15276
17992   17997
17997   15274
17997   15276
17997   17992
18228   18231
18231   18228
18231   20657
18232   18228
18232   18231
18234   18235
18234   18239
18235   18234
18236   18235
18237   44175
18255   18253
18262   18263
18263   18262
18475   41758
18805   32825
18824   18825
18824   18826
18825   18824
18826   18824
18827   18833
18894   18899
18894   18900
18898   18894
18899   18894
18899   18900
18900   18894
18901   18905
18903   18901
18905   18901
18909   18910
18910   18909
18916   17445
18953   6060
18953   18957
18957   6060
18957   18953
18959   19652
18960   18961
18961   18960
18964   18965
18965   18964
18968   18969
18968   18970
18968   18972
18969   18968
18969   18970
18970   18968
18972   18968
18972   18970
19586   19588
19588   19586
19652   18959
19702   19704
19704   19702
19728   31084
19921   19926
19926   19921
20093   57660
20093   57661
20152   20153
20153   20152
20153   20157
20157   20153
20176   20180
20180   20176
20180   20178
20180   20181
20182   20176
20475   97744
20520   2502
20590   20594
20590   20595
20595   20590
20595   20594
20596   20594
20598   20599
20598   20602
20602   20598
20602   20599
20616   17641
20624   9886
20657   18228
20657   18231
20875   21363
20971   11304
20971   20972
20972   11304
20972   20971
20977   6525
21300   21302
21300   21304
21302   21300
21302   21304
21304   21300
21304   21302
21347   21348
21347   21349
21347   21350
21348   21347
21348   21349
21348   21350
21349   21347
21350   21347
21350   21348
21350   21349
21352   174501
21353   21359
21354   21355
21354   21356
21354   21361
21354   30119
21355   21354
21356   21352
21356   21354
21356   21355
21356   21361
21358   30119
21359   67688
21361   21354
21361   21355
21361   21356
21363   20875
21530   42883
21548   21550
21548   26505
21550   7591
21550   21548
21551   42890
21589   56831
21589   56832
21589   56834
21589   56835
21848   21850
21850   21848
21999   18754
22123   18235
22125   15286
22358   9262
22430   15689
22851   22853
22851   22856
22853   22851
22853   22856
22856   22851
22972   105353
23328   23329
23360   15397
23402   12614
23455   23456
23456   23455
23835   23837
23837   23835
23838   23837
23987   8211
24024   24031
24034   24035
24034   24037
24035   24034
24037   24034
24037   24035
24047   12365
24124   31260
24182   24180
24441   114301
24457   27739
24609   20181
25164   15733
25164   25169
25167   15733
25167   25169
25169   15733
25169   25167
26052   18959
26116   30378
26116   30379
26116   30380
26116   30383
26505   22287
26540   158
26759   26761
26761   26759
26763   26764
26763   51920
26764   26763
26764   51920
26931   26933
26933   26931
26939   26940
26939   26941
26940   26939
26940   26941
26941   26939
26941   26940
27781   9182
27782   27784
27784   27782
27984   29935
27984   35828
27991   27992
27992   27991
27994   27995
27995   27994
28008   28009
28009   28008
28010   28009
28012   28014
28014   28012
28066   59469
28276   44914
28793   37956
28793   37961
28797   28798
28797   28800
28798   28797
28798   28800
28800   28797
28800   28798
28801   28803
28801   28804
28802   28805
28803   28801
28803   28804
28804   28801
28804   28803
28805   28802
28815   42499
28819   28820
28820   28819
28821   12985
28822   12985
28835   28836
28835   28837
28836   28835
28836   28837
28837   28835
28837   28836
28841   28843
28843   28841
28845   34822
28845   34824
29283   69106
29397   43110
29730   9890
29733   29736
29734   29733
29734   29735
29735   29733
29735   29734
29735   29736
29736   29732
29736   29733
29736   29735
29739   21029
29789   63937
29885   15279
29916   11846
29935   27984
29935   35828
30119   21354
30129   30134
30134   30129
30260   141904
30378   26116
30379   26116
30379   129067
30380   26116
30383   26116
30433   30434
30433   30435
30433   30436
30433   30437
30433   30438
30433   30440
30434   30433
30434   30435
30434   30438
30435   30433
30435   30434
30435   30436
30435   30437
30435   30438
30435   30440
30436   30433
30436   30435
30436   30437
30436   30440
30436   30441
30437   30433
30437   30434
30437   30435
30437   30436
30437   30438
30437   30440
30437   30441
30438   30433
30438   30434
30438   30435
30438   30436
30438   30437
30438   30440
30438   30441
30440   30433
30440   30434
30440   30435
30440   30436
30440   30437
30440   30438
30441   30433
30441   30434
30441   30436
30441   30437
30441   30438
30445   30446
30446   30445
30446   114296
30446   114297
30447   30445
30679   7948
30810   7343
30918   14939
31084   38131
31084   89941
31246   79556
31260   24124
31590   71524
31656   8333
31656   10758
31670   12648
31800   15691
31869   9182
31869   31872
31872   31869
31890   37
32000   12340
32416   4740
32494   39844
32528   38070
32971   32972
32972   32971
32990   2058
33159   33160
33160   33159
33167   33169
33167   33170
33169   33167
33169   33170
33170   33167
33170   33169
33193   33194
33193   33195
33193   33196
33193   33197
33193   84702
33194   33193
33194   33195
33194   33196
33194   33199
33194   84702
33195   33194
33195   33196
33195   33197
33196   33193
33196   33194
33196   33195
33197   33193
33197   33195
33199   33194
33199   33195
33199   33196
33201   33203
33201   33204
33203   33201
33203   33204
33204   33201
33204   33203
33209   17884
33209   33211
33209   33214
33211   17884
33211   33209
33211   33214
33213   44
33213   14113
33213   17884
33213   33215
33214   17884
33214   33209
33214   33211
33215   14113
33215   17884
33215   33213
33230   33229
33415   33416
33416   33415
33417   12511
33417   12512
33417   12609
33417   12610
33417   12611
33736   28815
34079   60765
34198   2944
34208   34210
34210   34208
34277   34279
34816   34820
34816   34821
34820   34816
34820   34821
34821   34816
34821   34820
34822   28845
34822   34824
34824   28845
34824   34822
34841   34843
34841   34845
34842   34844
34842   34845
34843   34841
34844   34842
35111   24180
35252   14394
35828   27984
35828   29935
35834   39016
35836   21346
35842   35841
35963   61381
36157   36159
36157   36161
36159   36157
36159   36164
36159   36180
36161   36157
36161   36159
36162   36157
36162   36159
36162   36164
36165   36157
36165   36159
36165   36161
36165   36164
36180   36159
36180   36164
36189   36190
36190   36189
36222   11440
36224   54507
36347   54409
36380   42137
36383   69501
36383   186902
36384   36385
36384   36386
36384   36387
36385   36384
36385   36386
36385   36387
36386   36384
36386   36385
36386   36387
36387   36384
36387   36385
36387   36386
36402   15564
36402   36404
36404   15564
36404   36402
36421   36422
36421   36425
36421   36426
36421   36427
36422   36421
36422   36425
36422   36426
36422   36427
36424   4459
36424   100413
36425   36421
36425   36422
36425   36426
36425   36427
36426   36421
36426   36422
36426   36427
36427   36421
36427   36422
36427   36425
36427   36426
36434   85544
36436   36437
36437   36436
36440   36437
36447   17140
36980   6670
36980   110533
37850   14389
37909   37910
37910   37909
37956   28793
37961   28793
38023   50471
38023   50474
38023   50475
38023   50476
38070   32528
38131   31084
38165   50479
38165   50480
38165   50483
38279   58755
38279   58756
38279   58757
38299   12983
38307   39959
38338   19640
38974   38975
38975   38974
38977   1668
38981   14380
38981   15852
38981   38982
38982   14380
38982   15852
38982   38981
39016   35834
39533   39536
39533   39537
39533   39538
39536   39533
39536   39537
39536   39538
39537   39533
39537   39536
39537   39538
39538   39533
39538   39536
39539   67555
39549   39550
39550   39549
39558   2944
39720   38313
39810   60764
39844   32494
40237   78372
40312   40311
40364   82978
40923   22600
41069   41070
41069   41072
41069   41073
41070   41069
41070   41072
41070   41073
41071   41073
41072   41069
41072   41070
41072   41073
41073   41069
41073   41070
41073   41072
41080   41082
41080   41086
41082   41080
41082   41086
41086   41080
41493   41494
41493   41495
41493   41496
41493   41497
41493   41501
41494   41493
41494   41496
41495   41493
41495   41494
41495   41496
41495   41497
41495   41501
41496   41493
41496   41494
41496   41495
41496   41497
41496   41501
41497   41494
41497   41495
41501   41493
41501   41494
41501   41495
41501   41496
41501   41497
41507   14380
41507   15852
41509   41510
41510   41509
41512   50563
41515   41516
41530   31159
41538   122062
41758   18475
41767   89400
42054   64326
42132   75388
42137   36380
42348   97148
42499   28815
42883   21530
42890   21551
42897   42899
42899   42897
43210   43206
43210   58696
43251   14439
43363   36159
43550   43554
43554   43550
43702   106096
43805   31355
43885   43890
43890   43885
44177   82590
44178   27713
44236   44237
44237   44236
44242   9826
44252   37
44445   44446
44460   44459
44511   15733
44511   17445
44515   37547
44524   50663
44839   44840
44840   44839
44843   44844
44855   44856
44856   44855
44909   14379
44909   44911
44911   44909
44913   44914
44913   44915
44914   17448
44914   28276
44914   44913
44915   44913
44915   44914
44936   28010
45265   172492
45616   36164
45682   7518
46175   46177
46175   64414
46177   46175
46177   64414
46457   90037
46457   90038
46579   90041
46864   55625
46865   1290
46979   207781
47366   47360
47409   54454
47422   47424
47424   47422
47424   47425
47425   47424
47428   47429
47429   47428
48715   23765
48964   109252
49126   61008
49273   15354
49778   49780
49778   49782
49780   49778
49782   44839
49782   49778
49782   49780
50214   14620
50471   38023
50471   50475
50471   63505
50474   38023
50474   50476
50475   38023
50475   50471
50475   50474
50475   50476
50476   38023
50476   50474
50479   38165
50479   50480
50480   38165
50480   50479
50520   50522
50522   50520
50563   41512
50658   89481
50658   89484
50663   44524
50867   21029
51106   6292
51137   30450
51277   28801
51277   106149
51299   13592
51452   141951
51920   26763
51920   26764
51923   196390
51933   19715
51974   51975
51975   51974
52354   15249
52521   4462
53126   53127
53127   53126
53148   53147
53532   27747
53597   60898
53598   9875
53605   53604
53605   53609
53609   53605
53635   156746
53799   54069
54034   54035
54035   54034
54038   54040
54040   54038
54069   53799
54246   6060
54329   64344
54395   54394
54396   61786
54402   54405
54405   54402
54409   36347
54446   54450
54454   47409
54507   36224
54589   44
54618   54620
54620   54618
54635   113710
54910   1677
54916   15691
54920   93343
54921   1287
54924   54925
54925   54924
54926   3072
54926   4818
54926   8858
54939   37
54953   9254
55248   54252
55254   158198
55361   37216
55622   64656
55625   46864
55940   55944
55944   55940
55960   60879
55960   60880
55965   28341
55988   55990
55990   55988
56468   60902
56542   179
56542   83111
56629   64685
56742   56741
56831   21589
56831   56832
56831   75621
56832   21589
56832   56831
56834   21589
56835   21589
56836   56837
56836   56838
56837   10758
56837   56836
56837   56838
56838   56836
56838   56837
57660   20093
57661   20093
57663   57665
57665   57663
57817   57823
57820   57819
57820   137782
57823   57817
57825   57817
57826   57825
58086   44264
58249   58251
58251   58249
58359   58361
58361   58359
58415   90900
58415   187361
58495   2058
58501   60119
58501   78042
58674   58676
58674   58678
58674   60126
58674   60127
58676   58674
58676   58678
58676   60126
58676   60127
58678   58676
58678   60126
58678   60127
58683   58686
58686   58683
58687   58690
58687   58691
58690   58687
58691   58687
58691   107656
58692   18833
58693   18833
58694   58695
58695   58694
58704   58700
58753   58754
58754   58753
58755   38279
58755   58756
58756   38279
58756   58755
58757   38279
58757   58755
58757   58756
58963   58964
58963   58966
58963   58967
58963   58968
58964   58963
58964   58966
58964   58967
58964   58968
58965   58963
58966   58963
58966   58967
58966   58968
58967   58963
58967   58964
58967   58966
58968   58963
58968   58964
58968   58966
58969   58970
58969   58971
58969   58974
58969   58975
58970   58969
58970   58971
58970   58974
58970   58975
58970   58977
58971   58969
58971   58970
58971   58974
58971   58975
58971   58977
58974   58969
58974   58970
58974   58971
58974   58975
58974   58977
58975   58969
58975   58970
58975   58971
58975   58974
58975   58977
58977   58969
58977   58970
58977   58971
58977   58974
58977   58975
59456   515
59456   522
59458   59459
59458   59460
59458   59463
59458   59464
59458   59466
59459   59458
59459   59460
59459   59461
59459   59463
59459   59464
59459   59466
59460   59458
59460   59459
59460   59461
59460   59463
59460   59464
59460   59466
59461   59465
59463   59458
59463   59459
59463   59460
59463   59464
59463   59466
59464   59459
59464   59460
59464   59463
59464   59466
59465   59461
59466   59458
59466   59459
59466   59460
59466   59463
59466   59464
59469   28066
59471   12340
59475   59476
59475   59477
59476   59475
59476   59477
59477   56468
59477   59475
59477   59476
59517   20975
59519   103560
59524   515
59524   522
60119   58501
60126   58674
60126   58676
60126   58678
60126   60127
60127   58676
60127   58678
60127   60126
60180   60182
60180   60187
60182   60180
60182   60187
60187   60180
60187   60182
60313   6606
60313   11163
60386   132740
60737   60739
60737   60741
60739   60737
60739   60740
60741   60737
60743   44855
60743   44856
60764   39810
60863   70250
60864   60865
60865   60864
60867   78283
60869   60872
60871   60869
60871   60872
60872   60869
60874   60869
60874   60871
60874   82599
60874   265822
60876   60869
60876   60871
60876   60872
60879   55960
60880   55960
60880   60879
60881   147086
60881   160360
60902   56468
61075   61076
61075   61078
61076   61075
61076   61078
61078   61075
61078   61076
61381   35963
61427   109218
61431   31800
61779   61781
61781   61779
61782   103322
61789   21499
62107   1927
62477   62478
62486   14379
62486   14381
62691   181362
62695   84972
62913   62914
62914   62913
62933   62935
62933   83715
62935   62933
62935   83715
62980   17396
63105   37910
63245   176911
63416   131095
63499   18964
63499   18965
63505   38023
63505   50471
63505   50476
63513   51531
63513   85550
63518   98005
63751   63748
63835   63836
63836   63835
63847   7343
63896   63898
63898   63896
63905   3622
64084   37
64085   1002
64085   64084
64096   113911
64192   29935
64326   6060
64344   54329
64414   46175
64414   46177
64592   127346
64656   55622
64685   56629
64698   64701
64698   64702
64701   64698
64701   64702
64702   64698
64702   64701
64722   59553
64728   188190
64728   188192
64730   64731
64730   64732
64731   64730
64732   64730
64733   64734
64733   64736
64733   64737
64734   64733
64734   64736
64736   64733
64736   64734
64736   64735
64736   64737
64737   64733
64737   64736
64738   64740
64738   64742
64739   64738
64740   64738
64740   64741
64740   64742
64741   64743
64742   64738
64742   64740
64743   64741
64894   64896
64896   64894
64896   74552
65249   80561
65282   12609
65536   165204
65642   65643
65643   67132
65645   65643
65646   65649
65649   65646
65656   69350
67069   100374
67069   247278
67132   65643
67139   41131
67218   73210
67396   30104
67396   227381
67455   84406
67526   67531
67530   61402
67531   67526
67533   67534
67533   67535
67534   67533
67534   67535
67688   21359
67831   4537
67870   46895
67871   67872
67871   67874
67872   67871
67872   67874
67874   67871
67874   67872
67974   82795
68262   68263
68263   68262
68383   74173
68460   30104
69068   55994
69106   29283
69108   69110
69110   69108
69397   54405
69501   36383
69852   47661
69878   20384
69878   109615
70068   101188
70068   159025
70169   20178
70250   60863
70250   103796
70250   108165
70253   108165
70339   75087
70529   6819
70838   100749
71335   46891
71337   89042
71524   31590
71667   65712
72435   24022
72710   165158
72712   6060
72754   47068
72893   72900
73210   67218
73358   73361
73358   82795
73361   73358
73361   82795
73577   130586
74127   83646
74550   74552
74552   64894
74552   64896
74552   74550
75023   177282
75087   70339
75154   174124
75178   87658
75251   179
75388   42132
75903   67677
76142   152548
76201   76203
76203   76201
76350   86781
76359   76361
76361   76359
76499   51921
76835   53570
76895   76898
76895   76899
76895   76900
76897   76895
76897   76899
76897   76900
76897   76901
76898   76895
76898   76899
76898   76900
76899   76895
76900   76895
76900   76897
76900   76898
76901   76895
76901   76897
76901   76899
76901   76900
76904   76908
76906   76910
76908   76904
76910   76906
77369   143300
77953   77951
78042   58501
78283   60867
78372   40237
78453   63633
78510   29779
79184   79186
79186   79184
79556   31246
79562   18966
79566   79570
79566   79572
79570   79566
79570   79572
79572   79566
79573   79566
79574   79575
79574   79577
79574   81549
79575   79574
79577   79574
79577   79575
79764   79765
79765   79764
79768   4012
79809   79810
79810   79809
79812   79813
79812   79814
79812   79815
79812   79818
79813   79812
79813   79814
79813   79815
79813   79818
79814   79813
79814   79815
79815   79813
79815   79814
79815   79818
79818   79812
79818   79813
79818   79814
79818   79815
80473   15579
80561   65249
80561   149332
80594   80596
80598   65249
80603   65249
80603   209880
80604   80605
80604   80608
80605   80604
80605   80606
80606   80607
80607   80606
80608   80604
80642   95713
80645   80644
81411   515
81451   112371
81549   79574
81549   79575
81561   81564
81562   81561
81564   81561
81566   81567
81567   81566
81580   81582
81582   82789
81585   81587
81587   81585
81792   81793
81793   81792
81843   6533
82043   63321
82223   29738
82572   82573
82572   109615
82573   109615
82578   82579
82578   82581
82579   82578
82579   82581
82581   82579
82584   20599
82584   137954
82585   20599
82585   82587
82587   20599
82587   82585
82590   44177
82591   89356
82596   82597
82597   82596
82599   60874
82778   82779
82778   82780
82778   82786
82779   82778
82779   82780
82779   82786
82780   82778
82780   82779
82780   82786
82780   100128
82786   82778
82786   82779
82786   82780
82787   82788
82787   82789
82787   82790
82787   128775
82788   82787
82788   82790
82788   128775
82789   81582
82789   82787
82789   82788
82789   82790
82789   82791
82790   82787
82790   82788
82790   128775
82791   81582
82791   82789
82795   67974
82795   73358
82797   82799
82797   82802
82799   82797
82799   82802
82802   82797
82802   82799
82803   2955
82964   50483
82972   82973
82973   82972
82978   40364
83105   83107
83105   83108
83108   83105
83157   83159
83159   83157
83180   11437
83212   30104
83327   91039
83399   83446
83563   5466
83567   13912
83632   83633
83632   83635
83633   83635
83635   83632
83635   83633
83638   83639
83639   83638
83646   74127
83709   83710
83713   83715
83713   112730
83715   62933
83715   62935
83715   83713
83871   83870
84391   84390
84394   84395
84394   103684
84395   84394
84395   103684
84406   67455
84407   84410
84407   84412
84410   84407
84410   84412
84412   84407
84412   84410
84413   84414
84413   84416
84413   84419
84414   84413
84414   84416
84416   84413
84416   84414
84416   84419
84419   84413
84419   84414
84419   84416
84421   174115
84422   84423
84422   153589
84423   84422
84565   84566
84566   84565
84702   33193
84702   33194
84702   33195
84702   33196
85223   87002
85364   85365
85364   85366
85364   85367
85365   85364
85365   85366
85366   85365
85366   85368
85367   85364
85367   85366
85367   85368
85368   85366
85368   85367
85369   85370
85369   85371
85370   85369
85370   85371
85371   85370
85386   85385
85419   259824
85544   36434
85550   63513
85585   136122
85590   145850
85823   13707
86113   86114
86114   86113
86126   86130
86130   86126
86132   86133
86133   86132
86226   120382
86996   15691
87000   87001
87001   87000
87002   85223
87007   87003
87063   76617
87084   87086
87086   87084
87438   87441
87438   87443
87440   87438
87440   87443
87440   179796
87441   87438
87441   87443
87443   87438
87443   87441
87448   87449
87450   87453
87453   87450
87453   87455
87455   87453
87652   137288
87654   87656
87656   87654
88227   21138
88361   164484
88539   88542
88542   88539
88565   4090
88565   88566
88565   88572
88566   88565
88566   88569
88566   88570
88566   121115
88566   121116
88569   88565
88570   4090
88572   4090
88572   88565
88573   198393
88574   88578
88578   88574
88782   9886
88782   88783
88783   88782
88828   121118
88994   100432
89042   50128
89042   71337
89250   90456
89250   90457
89250   90458
89250   90459
89250   90460
89289   15852
89400   41767
89460   16963
89481   50658
89481   89484
89484   50658
89484   89481
89485   89488
89486   89487
89486   89489
89487   89486
89487   89489
89489   89486
89489   89487
89491   89492
89492   89491
89493   54635
89498   89499
89499   89498
89500   89503
89500   89504
89500   89506
89503   89500
89504   89500
89506   89500
89506   89503
89540   89541
89541   89540
89692   153628
89941   19728
89941   31084
90037   42137
90037   46457
90037   90038
90037   317184
90038   46457
90038   90037
90039   18805
90041   46579
90043   90044
90044   90043
90084   2058
90456   89250
90456   90458
90456   90460
90457   89250
90458   89250
90458   90456
90458   90459
90459   89250
90459   90458
90460   89250
90460   90456
90462   90463
90463   90462
90509   90510
90509   90511
90509   90512
90510   90509
90510   90511
90510   90512
90511   90509
90511   90510
90511   90512
90512   90509
90512   90510
90512   90511
90513   90517
90513   90518
90513   90520
90517   90513
90517   90518
90517   90520
90518   90513
90518   90517
90518   90520
90520   90513
90520   90517
90520   90518
90532   90526
90532   193275
90898   58415
90900   55254
90900   58415
90904   90903
91015   91017
91017   91015
91031   139058
91033   81659
91033   91035
91035   91033
91039   79764
91359   99394
91442   91443
91443   91442
91445   91446
91445   91447
91445   166816
91446   91445
91446   91447
91447   91445
91447   91446
91905   91907
91907   91905
91974   191680
92301   6060
92413   6085
92475   145460
92546   184430
92546   184433
92668   138638
92725   140286
92790   92791
92791   53570
92791   92790
92825   168602
93041   117836
94027   220562
94030   94032
94067   94070
94075   38279
94075   58755
94237   94238
94238   94239
94239   94238
94240   94242
94242   85121
94242   94240
94255   63053
94307   94311
94311   94307
94340   108102
94534   94537
94537   94534
94544   26505
94587   94588
94588   94587
95516   85366
95715   95716
95716   95715
95718   95719
95719   95718
95720   95718
95725   95722
95733   95734
95733   95735
95733   95736
95734   95733
95734   95735
95734   95736
95735   95734
95735   95736
95736   95734
95736   95735
95747   95749
95747   95750
95747   95751
95749   95750
95749   95753
95753   95749
95753   95750
95755   118599
95756   95760
95760   95756
95844   36159
96542   96543
96543   96542
96544   96547
96544   96548
96544   96549
96547   96548
96547   96549
96548   96547
96548   96549
96549   96547
96549   96548
96551   96553
96553   96551
96592   96590
96877   96876
96978   36781
96981   96983
96983   96981
97141   252239
97148   42348
97199   33228
97404   97405
97404   97407
97405   97404
97405   97407
97407   97404
97407   97405
97413   97414
97413   97415
97414   97413
97414   97415
97415   97413
97415   97414
97417   97413
97417   97414
97419   68041
97657   97659
97659   97657
97744   20475
97751   97754
97751   97756
97754   97751
97754   97756
97756   97751
97756   97754
97792   97793
97793   97792
97958   97959
97958   118558
97959   97958
97959   114103
97972   97971
98005   63518
98038   98040
98038   98043
98038   132750
98040   98038
98040   98043
98043   98040
98500   119485
99264   105932
99386   99387
99387   99386
99388   157662
99448   99450
99450   99448
99450   99453
99453   99448
99453   99450
99615   109403
99940   108427
99940   108430
100128   82780
100232   100235
100232   134272
100299   173349
100368   109209
100374   4462
100374   15670
100374   67069
100374   247278
100413   4459
100413   36424
100423   100426
100426   100423
100428   130262
100429   100430
100430   100429
100430   100432
100434   100436
100491   30104
100491   68460
100749   70838
100871   44458
100905   67455
101104   53599
101404   17459
102071   85589
102621   141282
102625   102626
102625   102627
102626   102625
102626   102627
102627   102625
102627   102626
102634   102637
102637   37
102637   102634
102649   102652
102652   102651
102654   102651
102811   102817
102817   102811
102976   102979
102979   102976
102985   8333
103053   136839
103090   103091
103090   105977
103091   103090
103308   138724
103308   138726
103308   138727
103322   61782
103541   108478
103545   103547
103560   59519
103598   47757
103598   103599
103603   114155
103603   114156
103603   114157
103603   135100
103603   135102
103684   84394
103684   84395
103735   103736
103735   103739
103736   103735
103736   103739
103739   103735
103739   103736
103781   103782
103781   103783
103782   103781
103782   103783
103783   103781
103783   103782
103783   103784
103784   103783
103784   103785
103785   103782
103785   103784
103789   133845
103791   103790
103793   60863
103793   70250
103793   103794
103794   103793
103795   103796
103795   281210
103796   70250
103796   103795
103800   103799
104171   133763
104219   118213
105168   28009
105350   105348
105351   105348
105352   105348
105353   22972
105376   105382
105382   105376
105459   166775
105465   105468
105467   105468
105468   105465
105468   105467
105469   105471
105469   261872
105471   105469
105504   151456
105900   147919
105932   99264
105974   105975
105975   105974
106024   27782
106096   43702
106107   120436
106113   34822
106149   51277
106651   72268
106659   212045
106663   158
106685   117297
107025   150653
107590   14380
107590   15852
107655   117295
107927   24177
108097   33229
108097   70775
108102   94340
108161   94238
108165   70250
108165   70253
108167   108168
108168   108167
108213   82573
108213   108216
108216   108213
108220   7640
108220   108223
108223   108220
108223   108238
108225   108221
108238   108223
108248   7686
108427   99940
108430   99940
108465   33230
108465   108466
108466   33229
108466   108465
108481   119338
108485   91974
108868   220275
109198   280392
109198   280393
109198   280394
109198   280395
109206   114197
109208   109209
109208   109211
109208   143324
109208   143325
109209   100368
109209   109208
109210   109208
109210   109209
109211   109208
109211   109209
109211   143324
109211   143325
109213   109214
109214   109213
109215   109216
109215   109218
109216   109215
109216   109218
109218   109215
109218   109216
109218   109220
109220   109218
109223   262273
109232   109233
109234   143330
109234   272350
109236   109237
109236   109238
109236   109239
109237   109236
109237   109238
109237   109239
109238   109236
109238   109237
109238   109239
109239   109236
109239   109237
109239   109238
109252   48964
109308   56065
109399   109401
109401   109399
109403   99615
109410   109411
109411   109410
109563   181360
109601   109599
109615   82573
109619   109617
109622   109623
109622   168003
109623   109622
109623   168003
109629   109631
109631   109629
109814   109816
109816   18246
109816   109814
109817   109819
109819   109817
109824   137483
109829   158
109829   34853
109832   109833
109832   109834
109832   109836
109833   109832
109833   109834
109833   109835
109833   109836
109834   109832
109834   109833
109834   109835
109834   109836
109835   109833
109835   109834
109835   109836
109836   109832
109836   109833
109836   109834
109836   109835
109839   109840
109839   109843
109840   109839
109840   109843
109840   109844
109843   109839
109843   109840
109843   109844
109844   109840
109844   109843
109845   109848
109846   109847
109847   109845
109847   109846
109848   109845
110143   169786
110151   77863
110178   85275
110400   110402
110402   110400
110507   58704
110533   6670
110533   36980
110541   22127
110543   45853
110775   110776
110776   110775
111439   84392
111870   111872
111872   111870
111937   115471
111945   158679
112003   70510
112016   27200
112371   81451
112458   272879
112714   157751
112718   112721
112721   27423
112721   112718
112727   112726
112732   112733
112733   112732
113034   7587
113710   54635
113789   12340
113911   64096
114103   97959
114103   122649
114153   103603
114153   114155
114153   114157
114155   103603
114155   114156
114155   114157
114155   135100
114156   103603
114156   114157
114156   135100
114157   103603
114157   114155
114157   114156
114157   135100
114157   135102
114159   114161
114159   145679
114161   83111
114161   114159
114161   145679
114177   114178
114177   114179
114178   114177
114178   114179
114179   114177
114179   114178
114183   114185
114183   114190
114183   114191
114185   114183
114185   114190
114185   114191
114189   114187
114190   114183
114190   114185
114190   114187
114190   114191
114191   114183
114191   114185
114191   114187
114191   114190
114197   109206
114227   15249
114296   30445
114296   30446
114297   30446
114301   24441
114383   10035
114384   10035
114384   114383
114397   119401
114533   118063
114737   114739
114737   163135
114737   280401
114739   114737
115099   115100
115100   115099
115103   115102
115111   81659
115111   142473
115117   115115
115201   119556
115250   266979
115471   111937
115471   261007
115483   134400
115483   180647
115557   115558
115557   115560
115558   115557
115671   153768
115672   157110
115673   115674
115674   115673
115675   14380
115675   15852
115676   93365
116476   15558
117152   136399
117287   117288
117287   133865
117288   117287
117288   133865
117288   208448
117295   107655
117297   106685
117307   232036
117308   117309
117308   117311
117309   117308
117309   117311
117311   117308
117311   117309
117836   93041
117841   117842
117842   117841
117921   117922
117922   117921
117927   163870
117974   117975
117975   117974
117981   117982
117981   182765
118063   114533
118126   118127
118126   118133
118127   118126
118127   118132
118127   118133
118132   118126
118132   118127
118133   118126
118133   118127
118140   118139
118140   174838
118198   97316
118205   50476
118213   104219
118339   124951
118558   97959
118590   118587
118592   118593
118592   118594
118593   118592
118593   118594
118594   118592
118594   118593
118594   203956
118597   118592
118597   118593
118597   118594
118599   95755
118599   118600
118600   95755
118600   118599
119401   114397
119439   67071
119475   119476
119476   119475
119485   98500
119540   110143
119540   163818
119556   115201
119560   119561
119560   119563
119561   119560
119561   119563
119562   119560
119562   119561
119562   119563
119563   119560
119563   119561
119654   225048
119674   14380
119674   15852
119742   160023
119742   160024
119742   160025
119886   119276
120382   86226
120383   120384
120384   120383
120409   97130
120411   226164
120417   33229
120421   6753
120424   208344
120428   120426
120428   120427
120429   120431
120431   120429
120433   120435
120435   120433
120438   120440
120440   120438
120444   120445
120444   120446
120444   120447
120444   120449
120445   120447
120445   189547
120446   120444
120446   120445
120446   120447
120447   120444
120447   120445
120447   120446
120449   120444
120449   120445
120751   159332
120847   22127
121103   44525
121112   20599
121112   121113
121113   20599
121113   121112
121115   88565
121115   88566
121115   88570
121115   121116
121116   4090
121116   88565
121116   88566
121118   88828
121124   121126
121126   121124
121182   270902
121200   121202
121202   121200
121811   67677
122060   82043
122062   41538
122064   137583
122244   122246
122645   122647
122647   122645
122649   97959
122649   114103
122650   142471
122650   142473
122650   202234
122650   202235
122652   122653
122653   122652
122653   122655
122655   122653
122664   67071
122673   138736
122674   138738
122674   138739
122674   138740
122848   228476
122976   93985
123122   108171
123122   123123
123123   123122
123485   124622
123525   130961
123601   14380
123601   15852
123609   140134
123647   91366
123741   152642
124388   151748
124622   123485
124945   124946
124946   124945
124951   149218
124952   124953
124952   195789
124952   195791
124952   195792
124953   124952
125299   146205
125299   157083
125433   134153
125437   125439
125439   125437
125580   127109
125580   195309
125691   4090
125868   186845
125942   125943
125943   125942
126030   120449
126084   84392
126159   4090
126159   126161
126161   126159
126171   126172
126172   126171
126269   64763
126273   67555
126434   126437
126911   270905
127057   115099
127057   115103
127108   132667
127109   127110
127110   127109
127110   132667
127120   127122
127122   127120
127172   127175
127175   127172
127339   3433
127346   64592
127348   127349
127469   150919
127522   74555
127562   127563
127563   127562
127565   36164
127571   244803
127573   127576
127574   127573
127574   127575
127575   127573
127575   127574
127575   127576
127576   127573
127579   127580
127579   127581
127580   127579
127580   127581
127581   127579
127581   127580
127677   219719
127823   145684
127833   63499
127833   127834
127839   127840
127848   127849
127848   127851
127849   127848
127849   127851
127851   127848
127851   127849
127940   82574
127940   179892
128173   218677
128177   58968
128179   13928
128179   165572
128183   135882
128338   128341
128341   128338
128341   222158
128350   256138
128352   128356
128352   128358
128355   128353
128355   128358
128356   128352
128358   128352
128358   128355
128358   128356
128364   180314
128757   128758
128757   128759
128757   128760
128758   128757
128758   128759
128759   128757
128759   128760
128759   128761
128760   128757
128760   128758
128760   128759
128760   128761
128761   128758
128761   128759
128761   128760
128765   128768
128765   128769
128768   128769
128768   128770
128769   128768
128770   128768
128775   82787
128775   82788
128775   82790
129067   30379
129109   11435
129440   78799
130066   157193
130262   100428
130334   165576
130593   78243
130628   75856
130631   130633
130633   130631
130638   130639
130638   130641
130638   130642
130638   280572
130639   130638
130639   130641
130639   130642
130641   130638
130641   130639
130641   130642
130642   130638
130642   130639
130642   130641
130719   145275
130953   146205
130955   194466
130956   130957
130956   130958
130957   130956
130958   130956
130959   130956
130965   130964
131090   129139
131095   63416
131286   146618
131288   165594
131493   137475
131615   59469
132434   83399
132667   127110
132733   132731
132734   132735
132734   132738
132735   132734
132735   132737
132735   132738
132737   132735
132738   132734
132738   132735
132740   4459
132742   132744
132742   132745
132744   132742
132744   132745
132745   132742
132745   132744
132748   132749
132748   132752
132748   235268
132749   132748
132750   98038
132752   132748
132753   132750
132754   132755
132754   132756
132754   132757
132755   132754
132755   132756
132755   132757
132755   132758
132756   132754
132756   132755
132756   132757
132757   132754
132757   132755
132757   132756
132758   132755
132762   132763
132762   132764
132974   93365
133346   281550
133736   162311
133803   133805
133805   133803
133843   133844
133844   133843
133845   103789
133845   133846
133846   133845
133851   133852
133852   133851
133853   133852
133853   199840
133859   95750
133859   133861
133861   131286
133861   133859
133865   117287
133865   117288
134014   134022
134022   134014
134035   18037
134121   134123
134123   134121
134123   262817
134129   134128
134132   134127
134138   134139
134138   134140
134138   134141
134138   134143
134139   134138
134139   134140
134139   134141
134139   134143
134140   134138
134140   134139
134140   134141
134140   134143
134141   134139
134141   134140
134141   134143
134143   134139
134143   134140
134143   134141
134152   125433
134153   125433
134206   134204
134206   134207
134207   134204
134207   134206
134272   100232
134272   100235
134276   134278
134278   134276
134278   177373
134278   199141
134381   134383
134381   134384
134384   134381
134385   134386
134385   134388
134386   134385
134386   134387
134388   134385
134395   134396
134396   134395
134397   188769
134398   134400
134400   134398
134447   134446
134447   221349
134448   134449
134449   134448
134449   134450
134450   163711
134494   188972
134883   85275
135086   135088
135088   135086
135088   135089
135089   135086
135089   135088
135100   103603
135100   114155
135100   114156
135100   114157
135102   103603
135102   114155
135102   114156
135102   114157
135102   135100
135368   135370
135368   142993
135370   135368
135370   142993
135597   135595
135670   140664
135679   15852
135686   35050
135687   135688
135688   135687
135689   194273
135691   142029
135716   135712
135716   135717
135717   135712
135717   135716
135847   120449
135882   128183
136032   37216
136103   117920
136122   85585
136399   55940
136468   157975
136621   37483
136621   217698
136676   522
136686   51531
136839   103053
137036   137037
137037   137036
137076   134121
137081   134121
137215   183727
137219   109622
137219   109623
137288   87652
137382   161524
137425   169981
137425   169983
137475   131493
137483   109824
137526   137527
137527   137526
137530   86850
137542   137543
137543   137542
137549   195309
137552   149873
137583   122064
137585   137588
137587   137588
137588   137585
137588   137587
137782   57819
137782   57820
137954   20599
137954   82584
138252   138253
138253   138252
138503   138508
138508   138503
138638   92668
138724   103308
138724   138726
138726   91180
138726   103308
138726   138724
138727   103308
138727   138724
138738   122674
138738   138740
138739   122674
138739   138738
138790   163943
138790   163944
138841   138839
139005   93041
139005   139008
139008   139005
139018   194799
139046   139048
139048   139046
139051   85546
139051   249643
139055   139056
139056   139055
139058   91031
139066   14383
139135   139136
139135   139138
139135   139139
139136   139135
139136   139138
139136   139139
139138   139135
139138   139136
139138   139139
139139   139135
139139   139136
139139   139138
139283   85275
139595   86115
140128   140132
140132   140134
140134   140132
140141   159720
140180   140181
140181   140180
140249   32579
140284   140285
140285   140284
140288   140289
140288   140290
140289   130955
140289   140288
140289   140290
140290   140288
140290   140289
140291   140290
140398   24180
140398   285367
140555   198190
140664   135670
140744   84972
141124   198241
141155   252240
141185   141187
141185   141188
141187   141185
141187   141188
141188   141185
141188   141187
141282   102621
141904   30260
141951   51452
141951   214003
142029   135691
142413   192605
142467   142468
142467   142469
142468   142467
142468   142469
142468   222467
142469   142467
142469   142468
142469   222467
142471   122650
142471   142473
142473   142471
142481   4459
142741   121527
142993   135368
142993   135370
142993   224195
143155   73358
143300   77369
143305   33229
143307   143308
143307   143311
143308   143307
143311   143307
143311   143308
143324   109208
143324   109209
143324   109211
143324   143325
143325   109208
143325   143324
143329   143330
143329   143333
143333   143329
144185   39810
144185   60764
144191   144190
144191   144193
144193   144191
144201   212150
144201   212151
144249   144250
144249   144253
144250   144249
144250   144253
144253   144249
144366   176298
144495   144498
144498   144495
144895   144897
144895   144898
144895   144901
144895   144902
144897   144895
144897   144898
144897   144901
144897   144902
144898   144895
144898   144897
144898   144901
144898   144902
144899   144904
144900   144895
144900   144901
144901   144895
144901   144897
144901   144898
144902   55254
144902   144895
144902   144898
144904   144899
144965   144968
144968   144965
145072   183750
145072   183751
145151   158
145170   149813
145460   92475
145670   112373
145679   83111
145679   114159
145679   114161
145684   127823
145685   145686
145686   145685
145850   85590
145850   203604
145901   185375
146477   146478
146477   146479
146478   146477
146478   146479
146479   146477
146479   146478
146596   146593
146618   131286
146661   110143
146684   219716
146739   165204
147082   91366
147090   147086
147092   147086
147374   147375
147374   147376
147375   147374
147375   147376
147376   147374
147376   147375
147919   105900
148069   224449
148126   1635
148176   148177
148177   148176
149218   124951
149332   65249
149332   80561
149604   154058
149604   154059
149629   30134
149813   21999
149813   145170
149873   137552
150368   198448
150397   27995
150638   150639
150638   150640
150639   150638
150639   150640
150639   150641
150640   150638
150640   150639
150640   150641
150641   150638
150641   150639
150641   150640
150651   171964
150653   107025
150919   127469
151010   82043
151157   151158
151158   151157
151193   85275
151437   189276
151439   151442
151442   151439
151456   105504
151460   151461
151461   151460
151639   191133
151748   151872
151748   174119
151748   174120
151748   174121
151750   151751
151751   151750
151752   151753
151753   82802
151753   151752
151755   151757
151757   151755
151757   197894
151863   44843
151863   44844
151865   54628
151872   151748
151872   151873
151872   174120
151872   174121
151873   151748
151873   151872
151873   174119
151873   174120
151873   174121
151879   151880
151880   151879
151988   1682
152084   18966
152084   154065
152087   94238
152087   152088
152087   152089
152088   94238
152088   152087
152088   152089
152089   94238
152089   152087
152089   152088
152092   152093
152092   152095
152092   152097
152093   152092
152093   152095
152093   152096
152093   152099
152095   152092
152095   152093
152095   152096
152095   152099
152096   152093
152096   152095
152096   152099
152100   63053
152107   152109
152109   152107
152119   37
152119   179
152122   152123
152122   152124
152122   152125
152122   152126
152122   152128
152122   152129
152123   152122
152123   152124
152123   152125
152123   152126
152123   152128
152123   152129
152124   152122
152124   152123
152124   152125
152124   152126
152124   152128
152124   152129
152125   152122
152125   152123
152125   152124
152125   152126
152125   152128
152125   152129
152126   152122
152126   152123
152126   152124
152126   152125
152126   152128
152126   152129
152128   152122
152128   152123
152128   152124
152128   152125
152128   152126
152128   152129
152129   152122
152129   152123
152129   152124
152129   152125
152129   152126
152129   152128
152548   76142
152700   152701
152701   152700
152703   133803
152901   152903
152901   188973
152903   152901
153186   109610
153333   85546
153534   220012
153768   115671
153771   170762
154055   154056
154055   264731
154056   154055
154058   149604
154067   154069
154069   154067
154517   154519
154519   154517
154538   154541
154540   154541
154546   154550
154549   91366
154549   154550
154550   154546
154550   154549
154551   176897
154834   243943
154841   14379
154854   57663
154904   68909
154906   28214
155250   44797
155310   6092
155317   155318
155318   155317
155322   155323
155323   155322
155326   87458
155353   199135
155353   199138
155507   82586
155511   82586
155614   155613
155619   42235
156025   205241
156676   7594
156710   135712
156721   165788
156746   53635
157083   125299
157083   285794
157110   115672
157193   130066
157256   85546
157263   168176
157662   99388
157668   157669
157669   157668
157670   157671
157671   157670
157751   112714
157832   57660
157839   103778
157930   13707
157975   136468
158131   96548
158131   96549
158132   158135
158134   158132
158135   158132
158147   109610
158198   55254
158200   158201
158201   158200
158226   37
158233   88374
158679   111945
158727   93986
158937   18033
159025   70068
159332   120751
159373   175097
160004   160005
160005   160004
160016   160017
160016   160018
160017   160016
160017   160018
160017   164567
160018   160017
160018   164567
160019   160016
160019   160017
160024   160025
160025   160024
160211   140132
160360   60881
161195   1682
161524   137382
162153   7254
162311   133736
162384   41073
162390   162392
162392   162390
162407   162408
162407   166620
162407   166621
162408   34898
162408   162407
163033   72980
163137   163138
163138   163137
163139   14380
163141   115838
163144   132505
163380   72672
163597   163596
163711   6060
163758   89486
163812   9878
163814   91366
163818   110143
163827   216255
163833   163838
163835   163833
163837   163833
163838   163833
163870   117927
163943   138790
163944   138790
163944   163943
164056   164057
164056   164058
164056   164059
164056   164063
164057   164056
164057   164058
164057   164059
164057   164063
164058   164056
164058   164057
164058   164059
164059   164056
164059   164057
164059   164058
164063   164056
164063   164057
164072   33170
164072   164073
164072   273249
164073   164072
164484   88361
164567   160017
164567   160018
164826   7343
164927   164928
164928   164927
164964   14380
165114   103211
165157   72710
165157   165158
165158   72710
165158   165157
165173   14380
165197   165200
165200   165197
165201   165202
165201   165204
165202   165201
165202   165204
165204   165202
165211   185946
165211   214390
165216   30129
165312   210912
165352   263911
165572   128179
165576   20181
165576   130334
165594   131288
165768   108213
165788   156721
165788   234811
166014   178316
166431   43596
166431   43598
166552   166554
166554   166552
166556   166557
166560   144899
166560   144904
166601   166603
166603   166601
166604   166607
166604   166608
166604   166609
166604   166610
166604   225239
166607   166604
166607   166608
166607   166609
166607   166610
166608   166604
166608   166607
166608   166609
166608   166610
166609   166604
166609   166607
166609   166608
166609   166610
166610   166604
166610   166607
166610   166608
166610   166609
166618   166621
166621   162407
166621   166618
166622   166624
166622   189316
166624   166626
166626   166624
166637   110834
166637   194355
166709   241643
166775   105459
166816   91445
166816   91447
167222   36475
167459   167461
167461   167459
167540   167541
167540   167542
167541   167540
167541   167542
167542   167540
167542   167541
167543   125914
167555   152111
167557   152111
167601   70838
167603   167604
167603   167605
167603   167606
167603   167607
167603   167608
167603   167609
167604   167603
167604   167605
167604   167606
167604   167607
167604   167608
167604   167609
167605   167603
167605   167604
167605   167606
167605   167607
167605   167608
167605   167609
167606   167603
167606   167604
167606   167605
167606   167607
167606   167608
167606   167609
167607   167603
167607   167604
167607   167605
167607   167606
167607   167608
167607   167609
167608   167603
167608   167604
167608   167605
167608   167606
167608   167607
167608   167609
167609   167603
167609   167604
167609   167605
167609   167606
167609   167607
167609   167608
168003   109622
168003   109623
168098   225072
168176   157263
168602   92825
168733   168736
168736   168733
169232   169231
169235   213461
169256   169258
169258   169256
169678   43598
169786   110143
169981   137425
169983   137425
170203   179
170209   85546
170215   170216
170215   170217
170215   171852
170216   46891
170216   170215
170217   170215
170217   170216
170217   171852
170221   170226
170226   170221
170231   170232
170231   170233
170232   170231
170232   170233
170233   170232
170761   170762
170762   153771
170762   235337
170762   235338
170814   105479
170825   253699
170828   170829
170828   228841
170829   170828
170830   132667
170895   5568
170895   276506
170918   170919
170919   170918
171325   270458
171339   127349
171339   179614
171625   34208
171852   170215
171852   170216
171852   170217
171882   9264
171944   171948
171948   18231
171948   171944
171951   6085
171961   15156
171962   67098
171968   175965
172190   178759
172190   277404
172359   90044
172453   171046
172496   172497
172496   172498
172497   172498
172498   172496
172498   172497
172499   4459
172797   172652
173259   14379
173271   5780
173349   100299
173637   19694
173863   63053
173875   173876
173876   140290
173876   173875
173879   99385
174115   84421
174116   180928
174119   151748
174119   151873
174119   174120
174119   174121
174120   151748
174120   151872
174120   151873
174120   174119
174120   174121
174121   151748
174121   151872
174121   151873
174121   174119
174121   174120
174124   117264
174128   174129
174129   174128
174302   174303
174303   174302
174461   37216
174470   44
174501   21352
174540   55254
174769   182963
174769   182965
174769   182967
174823   85268
174835   174836
174836   174835
174838   174839
174839   118139
174839   118140
174839   174838
174842   36157
174858   58693
174859   174860
174860   174859
174875   237348
175097   159373
175623   119479
175883   30329
175899   166009
175899   175900
175899   175902
175908   175909
175909   175908
175911   175913
175913   175911
176138   4577
176298   144366
176554   204582
176556   176558
176604   176605
176605   176604
176854   34898
176893   140134
176896   54246
176896   176897
176899   176900
176900   176899
176901   81582
176901   82789
176901   82790
176902   24180
176910   176911
176911   63245
176911   176910
177093   246069
177095   177094
177122   36424
177128   177130
177128   177132
177128   177133
177130   177128
177130   177132
177132   177130
177132   177133
177133   177132
177261   35050
177263   109623
177282   75023
177369   177371
177371   177369
177373   134278
177373   177369
177375   177376
177376   177375
177568   151439
177730   232358
178101   32625
178316   166014
178759   172190
179512   210357
179514   182214
179614   127349
179614   171339
179921   115057
179928   32528
180314   128364
180639   272270
180647   115483
180655   83710
180655   180656
180656   180655
180963   7343
181359   268409
181360   109563
181362   62691
181363   129194
181363   188464
181415   181413
181545   219725
182064   182068
182068   182064
182963   174769
182965   174769
182967   174769
182969   191920
182974   182976
182976   182974
183263   263913
183263   263917
183267   185907
183271   183270
183275   202226
183291   24181
183396   183397
183397   183396
183637   5133
183750   145072
183768   137699
183768   186238
183777   183780
183780   183777
184202   32989
184229   184230
184229   184232
184230   184229
184230   184232
184232   184229
184232   184230
184430   92546
184433   92546
184606   188964
184606   188965
184827   235370
184827   245354
184974   195787
185084   185085
185085   185084
185087   185089
185089   185087
185095   124630
185138   185139
185139   185138
185144   191076
185249   185250
185250   185249
185251   185252
185252   185251
185256   185257
185256   185258
185256   185259
185256   185261
185257   185256
185257   185258
185257   185259
185257   185261
185258   185256
185258   185257
185258   185259
185258   185261
185259   185256
185259   185257
185259   185258
185259   185261
185261   44
185261   185256
185261   185257
185261   185258
185261   185259
185262   185263
185263   185262
185264   185266
185265   51936
185266   185264
185272   96553
185275   185276
185276   185275
185276   185278
185278   185276
185279   185275
185279   185276
185365   252166
185387   92703
185907   183267
185946   165211
185946   214390
186235   188970
186423   143260
186425   143260
186428   171936
186569   151269
186845   125868
186845   250882
186851   257540
186856   186853
186890   186891
186891   186890
186902   36383
186902   69501
186904   55432
187208   15852
187361   58415
188013   216146
188013   216148
188013   216150
188190   64728
188289   64344
188769   134397
188770   14380
188970   186235
188972   134494
188973   152901
188973   188977
188975   188973
188975   188977
188977   188973
188981   6819
189039   222269
189195   114747
189195   194268
189196   189195
189199   189201
189201   189199
189228   39810
189276   33170
189276   151437
189316   166622
189316   166626
189502   58968
189502   275312
189547   120445
189547   120446
189547   120447
189547   120449
189572   258474
189902   14380
189902   15852
189902   210757
190192   14379
190192   14381
190767   198854
190788   190786
190809   190810
191030   191032
191032   191030
191076   185144
191095   191096
191096   191095
191106   34487
191112   191113
191113   191112
191133   151639
191142   207109
191287   6749
191632   198857
191667   38313
191674   22600
191674   280493
191680   91974
191920   182969
192596   142479
192605   142413
192751   245625
192777   84977
193275   90532
193277   90532
193467   224943
193472   193474
193474   193472
193487   94238
193487   94239
193880   136122
194218   214560
194245   247067
194268   189195
194273   135689
194377   209731
194466   130955
194466   211245
194495   194496
194496   103322
194496   194495
194736   164936
194799   139018
195309   137549
195309   140134
195311   271515
195311   271516
195311   271517
195312   248768
195313   120449
195313   227529
195337   54454
195398   100436
195593   271619
195774   195775
195774   195776
195775   195774
195775   195776
195776   195774
195776   195775
195787   184974
195789   124952
195789   195791
195789   195792
195791   124952
195792   195791
195793   33204
195799   195801
195799   195806
195801   195799
195801   195806
195802   195799
195802   195801
195802   195805
195802   211249
195805   195801
195805   195802
195806   195799
195806   195801
196390   51923
196673   150088
196689   196690
196689   196692
196689   196693
196689   196695
196690   196689
196690   196692
196690   196693
196690   196695
196692   196689
196692   196690
196692   196693
196692   196695
196693   196689
196693   196690
196693   196692
196693   196695
196695   196689
196695   196690
196695   196692
196695   196693
196774   105900
197078   130952
197194   215140
197782   234514
197878   197879
197882   132764
197882   197883
197883   197882
197894   151755
197894   151757
197960   259508
198041   198747
198041   201185
198190   140555
198241   19327
198241   141124
198448   150368
198448   235922
198585   200417
198741   121381
198747   198041
198854   190767
198957   159681
198958   198959
198959   198958
199076   67554
199094   199097
199135   155353
199141   134278
199141   199144
199144   134278
199144   199141
199840   133852
199840   133853
199937   199941
199941   199937
200417   198585
200439   211257
200650   223544
200683   171693
200704   212988
200954   53582
200991   58965
200994   200995
200995   200994
200996   95713
200998   128338
201007   672
201007   201008
201008   201007
201009   201010
201009   201011
201010   201009
201010   201011
201011   201009
201011   201010
201184   167601
201185   198041
201186   202117
201187   201188
201188   201187
201446   76835
201492   82585
201564   201565
201565   201564
201855   45824
201933   253143
201933   253144
201983   223734
202117   201186
202144   147384
202188   202190
202190   202188
202190   202191
202191   202190
202200   174190
202202   6533
202226   183275
202234   122650
202234   142471
202234   142473
202234   202235
202235   122650
202235   202234
202246   256290
203356   203357
203356   203360
203357   203356
203357   203360
203360   203356
203360   203357
203366   203368
203368   203366
203369   245895
203378   152642
203535   203536
203536   203535
203604   145850
203649   43596
203649   43598
203649   105926
203703   204178
203956   118592
203956   118593
203956   118594
204041   204042
204042   204041
204045   31664
204178   203703
204425   234654
204470   130963
204582   176554
205019   125009
205090   224722
205241   156025
205303   171339
205500   262487
205688   209102
205702   54172
205824   241258
205896   226103
206421   212007
206424   274978
206620   133856
206688   105480
206795   206797
206797   206795
207109   191142
207111   207112
207111   219846
207112   207111
207112   219845
207112   219846
207112   219847
207153   207155
207155   207153
207283   151463
207301   207299
207330   33361
207330   99385
207438   85546
207781   233059
207810   20178
207810   20181
208136   224728
208136   224734
208371   208373
208373   208371
208376   68824
208377   208378
208377   208379
208377   208382
208378   208377
208378   208379
208379   208377
208379   208378
208382   208377
208385   208387
208387   15558
208387   208385
208436   103547
208440   70068
208448   117288
208585   208586
208586   208585
208603   208604
208604   208603
208629   18833
209393   12649
209452   129194
209666   209667
209668   209669
209668   209671
209669   209668
209669   209671
209671   209668
209671   209669
209675   238094
209675   238095
209676   272998
209684   209686
209686   209684
209692   209694
209694   209692
209731   87449
209778   152239
209880   80603
210357   179512
210878   213143
210910   6611
210912   165312
211117   221752
211239   211240
211240   211239
211245   141504
211245   194466
211251   211252
211252   211251
211257   200439
211274   189197
211341   24177
211633   289378
211633   289379
211633   289380
211633   289381
211706   166014
211995   211996
211996   211995
212010   212012
212012   212010
212045   106659
212150   144201
212151   144201
212154   200182
212982   82789
213042   18766
213125   213126
213126   213125
213138   85546
213140   213141
213140   213142
213141   213140
213142   213140
213143   213145
213145   213143
213320   213321
213321   13707
213321   213320
213443   213444
213444   213443
213444   213445
213445   213444
213485   148131
213490   213493
213490   213494
213493   213490
213493   213494
213494   213490
213494   213493
213604   7118
213611   254891
213613   213614
213614   213613
213626   213629
213629   213626
213954   68512
213954   84407
214003   141951
214042   149909
214161   97548
214384   153851
214390   165211
214554   14380
214554   15852
214556   214557
214556   214558
214557   214556
214557   214558
214558   214556
214558   214557
214572   18966
214962   214965
214965   214966
214966   214965
215140   197194
215193   24181
215373   215374
215373   216254
215374   215373
215378   215379
215379   215373
215379   215378
215381   147763
215384   215387
215387   215384
215419   126000
215420   215421
215421   215420
215445   215447
215446   215447
215446   215448
215447   215445
215447   215446
215448   215446
215455   244802
215459   73167
215479   215480
215480   215479
215480   215482
215482   215480
215485   215486
215485   215490
215486   215485
215486   215489
215489   215485
215489   215486
215489   215490
215490   215485
215490   215489
215493   67554
215545   73358
215605   337499
215609   215608
215780   216072
215884   141149
216027   62713
216064   212151
216072   215780
216072   216073
216072   216075
216072   216076
216073   215780
216073   216072
216073   216075
216073   216076
216075   215780
216075   216072
216075   216073
216075   216076
216076   216072
216076   216073
216076   216075
216084   6753
216084   216085
216085   6753
216085   216084
216090   231228
216111   115943
216146   188013
216150   188013
216155   216159
216159   216155
216252   271217
216253   216251
216254   215373
216255   163827
216462   228432
216604   31886
216604   235878
216670   205128
216688   216689
216688   216690
216688   216693
216689   216688
216689   216690
216689   216693
216690   216688
216690   216689
216690   216693
216693   216688
216693   216689
216693   216690
216732   216734
216734   127349
216734   216732
217068   234654
217120   243295
217525   217526
217526   217525
217526   217527
217527   217526
217528   24177
217533   217532
217587   217588
217588   157697
217588   217587
217590   217591
217591   217590
217698   136621
218303   299958
218402   223778
218637   218638
218638   218637
218677   128173
218679   4459
218722   14379
218814   218822
218822   218814
218834   9132
218834   218836
218836   218834
218931   14380
218931   15852
218935   218932
218938   218939
218939   218938
219356   85546
219555   235493
219606   21099
219611   219609
219619   258934
219718   219719
219719   127677
219719   255674
219725   181545
219730   219732
219732   219730
219815   153563
219815   219816
219816   219815
219829   331316
219835   219840
219840   219835
219845   207112
219846   207111
219846   207112
219847   207111
219847   207112
220012   153534
220263   8917
220263   273950
220275   108868
220483   241180
220532   249487
220562   94027
221045   234132
221079   181420
221081   223958
221085   228426
221349   134446
221349   134447
221752   211117
222100   222098
222212   30329
222269   189039
222821   222824
222824   222821
222923   63513
222959   70338
223251   240421
223544   200650
223615   108422
223734   201983
223778   218402
223893   223895
223895   223893
223897   223898
223898   223897
223906   223907
223906   238139
223907   223906
223907   238139
223907   238140
223907   238141
223907   238142
223909   93986
223958   221081
224114   224116
224114   224117
224114   224119
224116   142479
224116   224114
224116   224117
224116   224119
224117   224114
224117   224116
224119   224114
224119   224116
224175   17459
224195   135370
224195   142993
224449   148069
224714   250874
224719   15274
224719   22287
224722   205090
224728   208136
224728   224734
224734   208136
224734   224728
224942   288188
224943   193467
225048   119654
225048   233638
225048   233639
225072   268653
225239   166604
225418   225419
225419   225418
225473   51209
225671   197617
225949   225951
225951   225949
226035   226038
226035   226039
226038   226035
226038   226039
226039   226035
226039   226038
226042   226043
226043   226042
226054   226056
226054   226057
226056   226054
226056   226057
226057   226054
226057   226056
226103   205896
226103   226104
226104   205896
226104   226103
226164   86943
226164   120411
226254   124943
226271   127526
226665   82767
226734   226735
226734   226736
226734   226737
226734   226738
226735   226734
226735   226737
226736   226734
226736   226738
226736   253208
226737   226734
226737   226735
226737   226736
226737   226738
226738   226734
226738   226736
226738   253208
226738   253209
226742   226743
226742   226744
226742   226745
226743   226744
226743   226745
226744   226743
226744   226745
226745   226742
226745   226743
226745   226744
226962   54454
227055   67677
227256   43273
227381   227382
227382   227381
227384   227388
227386   227384
227388   227384
227389   227384
227391   91366
227391   193829
227396   60869
227396   227397
227397   60869
227397   60872
227397   227396
227436   227437
227436   227438
227436   227439
227436   227440
227436   227442
227437   227436
227437   227438
227437   227439
227437   227440
227437   227442
227438   227436
227438   227437
227438   227439
227438   227440
227438   227442
227439   227436
227439   227437
227439   227438
227439   227440
227440   227436
227440   227437
227440   227438
227440   227439
227440   227442
227442   227436
227442   227437
227442   227438
227442   227440
227529   195313
227767   211341
227776   227778
227778   227776
227778   227779
227793   276722
228128   176558
228344   177093
228426   221085
228432   216462
228455   228456
228456   228455
228456   290123
228476   122848
228490   109410
228838   228839
228839   228838
228840   256391
228841   27200
228841   170828
228841   284667
229404   229409
229409   229404
229551   29397
229670   205019
230029   232036
230202   230201
230202   232023
230239   230241
230239   230242
230241   230239
230242   230239
230247   230248
230248   230247
230394   271524
230418   230420
230420   230418
231021   30134
231021   248444
231106   212982
231228   216090
231517   231519
231519   231517
231520   231522
231522   231520
231525   95713
231613   178836
231772   219835
231989   128355
232023   230202
232024   230201
232024   230202
232086   264282
232358   177730
233059   207781
233212   110143
233213   233216
233216   233213
233227   233230
233230   233227
233442   176899
233442   176900
233523   241553
233547   142473
233638   149299
233639   236252
233646   233648
233648   233646
234068   234070
234070   234068
234485   144904
234514   197782
234556   234557
234556   234558
234557   234556
234557   234558
234558   234556
234558   234557
234654   217068
234655   234656
234655   234658
234662   285748
234692   4090
234811   156721
234811   165788
235005   235007
235007   235005
235268   132748
235321   235323
235323   235321
235335   170689
235337   170762
235337   235338
235338   170762
235342   194138
235343   241924
235370   184827
235370   245354
235464   4462
235493   219555
235532   14380
235532   286883
235874   82802
235878   216604
235922   198448
236033   236035
236035   236033
236053   236054
236054   236053
236160   144577
236222   18966
236222   236223
236223   18964
236223   236222
236252   233639
237318   55254
237846   142413
237846   237847
237847   142413
237847   237846
237849   237846
237853   134153
237857   237858
237858   237857
237859   57663
237865   14379
237865   14380
237999   218916
238094   209675
238098   238099
238099   238101
238101   238099
238104   843
238137   119464
238139   223906
238139   223907
238139   238140
238140   223907
238140   238139
238141   223906
238141   223907
238142   223907
238142   238139
238143   238146
238144   238143
238144   238146
238146   238143
238222   4459
238408   253627
238580   238583
238581   238582
238582   238581
238583   238580
238587   238589
238589   238587
238590   238587
238590   238589
238613   134204
238615   238617
238617   238615
238617   238620
238619   238620
238621   238623
238623   238621
238661   53570
238784   202406
239374   239375
239375   239374
239417   250224
239423   85546
239425   170209
239433   239435
239433   239437
239435   239433
239435   239437
239437   239433
239437   239435
239441   239442
239442   239441
239445   239447
239445   239448
239447   239445
239447   239448
239448   239445
239448   239447
239544   268289
239545   228560
239547   239545
239554   239556
239556   239554
240094   240090
240094   240091
240099   146596
240198   137425
240200   240201
240201   240200
240228   18827
240237   14379
240237   139066
240249   240250
240250   240249
240403   105436
240416   240417
240417   240416
240421   223251
240424   240425
240424   240426
240424   240427
240424   240429
240424   240430
240424   240431
240425   240424
240425   240426
240425   240427
240425   240429
240425   240430
240425   240431
240426   240424
240426   240425
240426   240427
240426   240429
240426   240430
240426   240431
240427   240424
240427   240425
240427   240426
240427   240429
240427   240430
240427   240431
240429   240424
240429   240425
240429   240426
240429   240427
240429   240430
240429   240431
240430   240424
240430   240425
240430   240426
240430   240427
240430   240429
240430   240431
240431   240424
240431   240425
240431   240426
240431   240427
240431   240429
240431   240430
240435   37
240435   240436
240436   37
240436   240435
241180   220483
241193   97546
241231   30346
241258   205824
241490   241488
241496   247520
241553   233523
241554   241556
241554   241557
241556   241554
241556   241557
241557   241554
241557   241556
241741   295446
241883   134153
241908   67555
242143   109615
242143   327581
242265   18833
242265   242266
242265   242267
242266   18833
242266   242265
242267   18833
242356   150428
242986   175943
243182   34768
243584   243586
243584   243587
243586   243584
243586   243587
243587   243584
243587   243586
243598   271163
243727   178759
243943   91046
243943   154834
243947   243948
243947   243949
243948   243947
243948   243949
243949   243947
243949   243948
244221   341458
244356   244357
244357   244356
244513   13707
244610   246007
244748   196339
244748   244749
244789   110143
244789   244790
244789   244792
244790   110143
244790   244789
244790   244792
244792   110143
244792   244789
244792   244790
244802   252041
244804   244803
244806   8333
244806   10758
245283   128353
245288   281889
245354   184827
245354   235370
245395   125433
245395   134153
245625   192751
245625   278894
245875   250694
245895   203369
245995   245996
245995   245998
245996   245995
245996   245998
245998   245995
245998   245996
245998   245999
246002   246004
246003   246006
246006   246003
246069   177093
246072   238620
246077   248707
246078   14380
246352   129194
247057   25491
247067   194245
247075   247077
247077   247075
247100   4459
247119   247121
247205   24180
247206   152128
247206   152129
247206   247208
247206   248888
247207   247208
247208   152122
247208   152124
247208   152126
247208   152128
247208   152129
247208   247206
247208   248888
247224   247226
247224   249572
247226   247224
247278   67069
247278   100374
247508   281495
247520   247525
247524   247520
247525   247520
247916   271269
247961   247964
247964   247961
248335   251571
248444   231021
248448   248450
248450   248448
248456   54454
248681   111439
248697   24804
248706   283426
248707   246077
248768   152198
248768   271534
248782   148345
248782   171693
248819   218814
248888   152122
248888   152126
248888   152128
248888   152129
248888   247206
248888   247208
249269   290248
249269   290250
249503   270649
249504   251572
249504   251573
249504   251574
249504   251578
249504   251579
249533   249537
249537   249533
249556   178836
249572   247224
249643   85546
249643   139051
249643   249644
249644   85546
249644   249643
249649   67455
249649   249653
249657   82790
250129   199077
250222   28276
250583   277932
250588   250590
250615   250618
250618   250615
250619   250615
250627   322937
250627   322938
250627   322941
250627   322943
250628   250627
250694   245875
250694   327612
250705   250707
250705   250709
250705   252235
250707   250705
250707   252235
250707   252236
250707   269407
250709   250705
250709   250707
250714   250715
250715   250714
250755   250756
250756   250755
250813   149299
250813   208224
250874   224714
250882   186845
250902   201185
250902   250903
250903   250902
250908   131493
251319   310471
251407   211240
251503   271790
251572   249504
251572   251573
251572   251574
251572   251578
251573   249504
251573   251572
251573   251574
251573   251578
251573   251579
251574   249504
251574   251572
251574   251573
251574   251578
251574   251579
251578   249504
251578   251572
251578   251573
251578   251574
251579   249504
251579   251572
251579   251573
251579   251574
251582   251584
251585   251586
251585   251587
251586   251585
251586   251588
251588   251586
251757   260942
251757   281323
252041   244802
252166   185365
252199   246905
252199   252200
252200   246905
252200   252199
252201   252204
252204   136122
252204   141149
252204   252201
252208   252209
252209   252208
252220   252221
252220   252222
252222   252220
252222   252221
252224   252225
252225   252224
252227   252228
252228   277034
252231   252232
252232   252231
252235   250705
252235   250707
252235   252236
252236   250705
252236   250707
252236   252235
252240   76896
252487   271514
252516   157250
252521   234074
252523   197617
252553   142859
252788   217724
252943   27423
252943   85546
253117   136841
253122   253123
253123   253122
253129   285059
253134   253136
253136   253134
253138   253139
253139   253138
253143   201933
253144   201933
253189   295887
253192   91033
253192   96553
253208   226736
253208   226738
253208   253209
253209   226738
253209   253208
253493   93986
253627   105012
253699   170825
253714   253715
253715   253714
253717   355719
253926   253928
253928   253926
254564   95747
254647   42504
254891   213611
255008   285060
255008   285061
255176   83155
255221   249643
255674   219719
255728   171559
255957   128355
255983   88374
255991   255992
255992   255991
256029   256030
256030   256029
256030   256033
256138   268402
256290   202246
256338   256332
256344   17459
256351   271590
256391   228840
256497   281135
256497   281136
256497   281137
256497   281138
256497   281140
256497   281141
256521   142413
256566   256567
256568   211341
256573   256574
256574   256573
256574   256576
256576   256574
256588   157697
256588   333187
256650   256651
256651   256650
256656   256657
256657   76895
256657   256656
256658   9804
256660   23328
256660   23329
256858   210111
256862   37910
256862   256863
256863   256862
256871   60125
256872   256873
256873   256872
257540   6599
257826   301015
258002   265807
258266   10248
258934   112972
259214   114190
259432   56749
259432   127313
259508   197960
259508   310801
259824   22269
259824   85419
260020   38279
260020   58755
260020   58756
260075   200209
260082   145780
260082   260084
260084   260082
260143   260144
260143   260148
260143   260150
260144   260143
260144   260145
260145   260143
260145   260144
260145   285055
260148   260143
260148   260150
260150   260143
260150   260148
260619   260620
260655   188464
260655   263668
260942   251757
260942   260943
260943   260942
260971   260972
260972   260971
261007   115471
261350   261351
261351   261350
261353   261354
261353   261355
261353   261357
261353   261358
261354   261353
261354   261357
261355   261353
261355   261358
261357   261353
261357   261354
261357   261358
261358   261353
261358   261354
261358   261355
261358   261357
261582   261583
261583   261584
261584   261583
261588   261591
261590   261591
261592   261591
261594   268139
261594   268141
261598   261599
261599   261598
261600   261602
261600   261603
261602   261600
261602   261603
261603   261600
261603   261602
261605   261606
261606   261605
261646   176897
261646   277253
261653   179
261653   57656
261657   261662
261662   261657
261718   1722
261718   47549
261872   105469
262273   109223
262411   262412
262412   262411
262414   340307
262414   340308
262422   262423
262423   262422
262480   262481
262480   262482
262480   262483
262480   262484
262480   286034
262480   286035
262481   262480
262481   262482
262481   262484
262481   286032
262481   286034
262481   286035
262482   262480
262482   262481
262482   262484
262482   286032
262482   286034
262482   286035
262483   262480
262484   262480
262484   262481
262484   262482
262484   286032
262484   286034
262484   286035
262487   205500
262767   85546
262767   249643
262781   217530
262782   217530
262785   217530
262785   352512
262813   1622
262817   134121
262817   134123
262826   41974
263666   260655
263666   263669
263668   188464
263668   260655
263669   263666
263669   263668
263887   322506
263889   271518
263905   263906
263905   263907
263905   263908
263906   263905
263906   263907
263906   263908
263907   263905
263907   263906
263907   263908
263908   263905
263908   263906
263908   263907
263909   263910
263909   263911
263910   263909
263910   263911
263911   165352
263913   183263
263913   263917
263914   263916
263914   263918
263916   263914
263916   263918
263917   183263
263917   263913
263918   263914
263918   263916
263920   171022
264003   264004
264004   264003
264282   232086
264624   265811
264624   265813
264647   199956
264697   268407
264730   154055
264730   154056
264730   264732
264731   154055
264731   264732
264732   264731
264745   264747
264747   264745
264747   264749
264747   264750
264749   264747
264749   264750
264750   264745
264750   264747
264771   146205
264771   264772
264784   348906
264938   85546
265038   265039
265039   265038
265042   265041
265042   265046
265046   265041
265046   265042
265180   176
265500   140257
265521   43206
265522   151442
265733   265734
265734   265733
265789   265790
265789   265792
265789   265793
265789   265794
265790   261344
265790   265789
265790   265791
265790   265793
265790   265794
265791   265789
265791   265790
265791   265792
265792   265789
265792   265790
265792   265791
265793   265789
265793   265790
265794   265789
265794   265790
265796   72900
265804   265802
265805   265802
265807   258002
265811   264624
265811   265813
265812   264624
265813   264624
265816   265814
265822   60874
265822   82599
265823   338335
266874   175943
266874   272838
267359   175917
267682   223615
267687   249294
267687   323076
267885   182261
267885   267886
267886   182261
267886   267885
267896   267894
267985   236892
268130   229141
268132   229141
268132   268130
268139   261594
268169   271137
268174   158141
268186   268188
268188   268186
268289   239544
268334   274275
268340   76200
268379   85546
268379   268380
268379   268382
268379   268383
268380   85546
268380   268379
268380   268382
268380   268383
268382   268379
268382   268380
268382   268383
268383   85546
268383   268379
268383   268380
268383   268382
268386   32723
268387   12365
268391   286046
268391   286047
268391   286048
268391   286049
268392   268393
268392   268395
268393   144232
268393   268392
268395   268392
268397   144232
268397   268392
268397   268395
268402   256138
268407   264697
268409   181359
268478   174855
268653   58840
268653   225072
268829   268834
268834   268829
269069   13255
269266   269269
269269   269266
269315   285075
269328   269330
269330   269328
269352   243948
269407   250705
269407   250707
269407   252235
269621   269622
269622   269621
269631   269632
269632   269631
269634   269635
269635   269634
269640   114703
269687   269689
269689   269687
269817   269820
269820   269817
270304   324390
270306   270307
270307   270306
270483   290651
270534   53601
270547   270548
270566   85275
270649   249503
270842   2216
270899   277045
270902   121182
270905   126911
271027   271032
271032   271027
271050   278434
271137   268169
271159   271160
271160   271159
271162   271163
271163   243598
271163   271162
271207   271209
271209   271207
271269   247916
271510   271512
271512   271510
271513   271514
271514   252487
271514   271513
271515   195311
271516   195311
271518   271519
271518   271520
271519   271518
271520   271518
271520   282741
271521   271518
271524   230394
271526   127349
271527   127349
271534   248768
271541   271542
271541   271544
271542   271541
271544   271541
271584   271585
271585   271584
271610   271611
271611   271610
271612   158141
271618   74019
271619   24180
271619   195593
271624   1562
271627   130968
271786   271785
271788   171321
271790   251503
271808   271809
271808   271810
271808   271815
271808   271817
271809   271808
271809   271810
271809   271815
271809   271817
271810   271815
271810   271816
271810   271817
271815   271816
271815   271817
271816   271815
271816   271817
271817   271815
271817   271816
272069   272071
272071   272069
272350   109234
272362   272363
272363   272362
272873   272874
272874   272873
272879   112458
272998   209676
273129   273131
273131   273129
273249   38124
273249   164072
273250   273251
273251   273250
273256   127349
273256   178759
273257   15280
273257   293766
273467   122674
273467   138736
273935   58692
273950   8917
274200   44446
274202   44914
274275   268334
274727   274728
274728   274727
274744   13828
274745   274746
274745   274747
274746   274745
274746   274747
274747   274745
274747   274746
274808   274809
274808   274813
274809   274808
274809   274813
274810   274813
274813   274808
274813   274809
274880   274882
274882   274880
274978   206424
275312   189502
276168   37
276235   150442
276442   24181
276506   7587
276506   170895
276531   276532
276531   276533
276532   276531
276532   276533
276533   276531
276533   276532
276601   128353
276660   79756
276662   81566
276664   276665
276664   276666
276664   276668
276665   276664
276665   276666
276665   276668
276666   276664
276666   276665
276666   276668
276668   276664
276668   276665
276668   276666
276670   276671
276670   276673
276671   143135
276671   276670
276695   276698
276695   276699
276732   127567
277034   252228
277045   270899
277253   304513
277264   124943
277391   277393
277393   277391
277403   172190
277403   178759
277403   277404
277404   172190
277404   178759
277404   277403
277409   62478
277409   96544
277410   278953
277411   277412
277412   277411
277414   277416
277416   277414
277421   207743
277932   250583
278451   116469
278486   15579
278492   44264
278492   278494
278494   44264
278494   278492
278655   278656
278655   278658
278656   278655
278656   278658
278658   278655
278658   278656
278661   183350
278953   277410
279351   108485
279497   147082
279641   248707
279802   363730
279916   14444
280309   210927
280349   228503
280389   128353
280389   280390
280390   128353
280390   280389
280392   109198
280392   280393
280392   280394
280392   280395
280393   109198
280393   280392
280393   280394
280393   280395
280394   109198
280394   280392
280394   280393
280394   280395
280395   109198
280395   280392
280395   280393
280395   280394
280401   114737
280447   109879
280493   22600
280493   191674
280572   130638
280572   130642
280578   183350
280921   70510
280922   280923
280923   280922
280935   132756
281097   281098
281098   281097
281099   226538
281132   4430
281135   256497
281135   281136
281135   281137
281135   281138
281135   281139
281135   281140
281135   281141
281136   256497
281136   281135
281136   281137
281136   281138
281136   281140
281136   281141
281137   256497
281137   281135
281137   281136
281137   281138
281137   281139
281137   281140
281137   281141
281138   256497
281138   281135
281138   281136
281138   281137
281138   281139
281138   281140
281139   256497
281139   281135
281139   281136
281139   281137
281139   281138
281140   256497
281140   281135
281140   281136
281140   281137
281140   281138
281140   281139
281141   256497
281141   281135
281141   281136
281141   281137
281141   281138
281141   281139
281142   148345
281151   281152
281152   281151
281210   103795
281210   103796
281217   5777
281218   38279
281323   251757
281446   201933
281449   281452
281449   281453
281452   281449
281452   281453
281453   281449
281453   281452
281495   247508
281550   133346
281594   129194
281860   94340
281860   108102
281889   245288
282741   271518
282741   271520
283142   84421
283384   250615
283426   248706
283563   93986
283583   142236
283672   97778
283674   283677
283677   283674
283977   174598
283984   211908
284463   284465
284465   284463
284465   284467
284467   284465
284475   120420
284667   228841
284774   61779
285036   285038
285038   285036
285047   285054
285054   285047
285055   260145
285059   166014
285075   269315
285184   135135
285273   158727
285360   56744
285367   140398
285378   285379
285379   285378
285396   285397
285396   285399
285397   285396
285397   285399
285399   285396
285399   285397
285727   157702
285789   285790
285789   285792
285790   285789
285792   285789
285794   157083
285794   285797
285795   285796
285796   285795
285797   157083
285797   285794
285801   260662
285802   285803
285802   285805
285802   285806
285802   285807
285803   285802
285803   285805
285803   285806
285803   285807
285805   285802
285805   285803
285805   285806
285805   285807
285806   285802
285806   285803
285806   285805
285806   285807
285807   285802
285807   285803
285807   285805
285807   285806
286029   286030
286030   286029
286031   286029
286032   262480
286032   262481
286032   262482
286032   262484
286032   286034
286034   262480
286034   262481
286034   262482
286034   262484
286034   286032
286034   286035
286035   262480
286035   262481
286035   262482
286035   262484
286035   286034
286046   268391
286046   286047
286046   286048
286047   268391
286047   286046
286048   268391
286048   286046
286049   268391
286051   286052
286051   286053
286052   286051
286052   286053
286053   286051
286053   286052
286055   286056
286056   286055
286057   174759
286060   286059
286066   286067
286067   286066
286611   522
286611   214572
286747   286748
286747   286750
286747   286751
286748   286747
286748   286750
286748   286751
286750   286747
286750   286748
286750   286751
286751   286747
286751   286748
286751   286750
286883   14380
288188   224942
288188   243904
288318   363416
289270   141183
289378   211633
289378   289379
289378   289380
289379   211633
289379   289378
289379   289380
289380   211633
289380   289378
289380   289379
289381   211633
289762   147086
290123   228456
290187   290186
290189   290191
290191   290189
290248   249269
290250   249269
290252   97546
290505   6060
290651   270483
290776   171880
292806   285036
293476   57663
293766   15280
293766   273257
293775   357920
293884   115099
293884   127057
293909   293907
294307   6060
294307   131615
294686   56488
294939   247061
295426   267138
295426   295427
295427   295426
295433   133845
295439   295440
295440   295439
295446   241741
295648   221016
295887   253189
296151   166014
296578   317483
296578   317485
296694   304613
296744   296745
296745   296744
297381   297383
297383   297381
297679   260084
298084   372680
299342   32528
299342   179928
299958   218303
300316   34898
301015   257826
301027   159332
301276   127834
302065   302067
302067   302065
302176   302178
302178   302176
302492   32132
304513   277253
304519   304520
304519   304521
304519   304525
304519   304526
304520   304519
304520   304521
304520   304525
304520   304526
304521   304519
304521   304520
304521   304525
304521   304526
304525   304519
304525   304520
304525   304521
304525   304526
304526   304519
304526   304520
304526   304521
304526   304525
304585   304587
304585   304588
304585   304590
304585   304591
304585   304592
304587   304585
304587   304588
304587   304590
304587   304591
304587   304592
304588   304585
304588   304587
304588   304590
304588   304591
304588   304592
304590   304587
304590   304588
304590   304591
304590   304592
304591   304587
304591   304588
304591   304590
304591   304592
304592   304587
304592   304588
304592   304590
304592   304591
304613   296694
304615   220333
305921   43639
307994   115116
307994   160933
309978   337481
309978   337482
310471   251319
310801   259508
311120   339225
312331   219621
312607   327754
312919   132740
312922   312925
312925   312922
313896   313897
313897   313896
313917   313918
313918   313917
313954   313956
313955   313954
313955   313956
313956   313954
313973   120442
314003   314005
314005   314003
316538   108422
316580   316581
316581   316580
317184   90037
317332   251881
317483   296578
317485   296578
318464   358053
318703   211857
322435   95713
322435   170689
322506   82797
322506   263887
322935   127573
322935   322936
322936   127573
322936   127576
322936   322935
322937   322938
322937   322943
322938   322937
322938   322941
322938   322943
322938   322944
322941   250627
322941   322937
322941   322938
322943   322937
322943   322938
322943   322944
322944   322937
322944   322938
322944   322943
323076   249294
324390   74781
324390   270304
325037   522
325037   67455
325037   100905
326493   14386
326552   9253
326805   90044
326984   227384
326984   326985
326984   326986
326986   326984
327415   327416
327425   327426
327426   327425
327429   327428
327431   95780
327431   327432
327432   327431
327434   95780
327443   327444
327444   327443
327581   242143
327612   250694
327635   130955
327690   18827
327754   312607
328293   159667
328417   127349
328787   134210
328788   140134
329971   255030
330471   271808
330471   271814
330471   271815
330472   271815
330472   271816
330480   130638
330493   6060
331316   219829
331915   202191
331972   15236
333184   29786
333187   256588
333190   333191
333190   333195
333190   333197
333191   333190
333191   333197
333195   333190
333195   333191
333195   333196
333195   333197
333196   333195
333196   333197
333197   333190
333197   333191
333197   333196
333201   61402
333201   108841
333202   333203
333202   333205
333203   333202
333203   333205
333205   333202
333205   333203
334619   164936
334625   119428
334635   334636
334636   334635
334705   334709
337481   309978
337482   309978
337499   215605
338004   338005
338004   338006
338005   338004
338005   338006
338006   338004
338006   338005
338014   338015
338015   338014
338193   42504
338193   160024
338335   265823
338335   265824
338571   338572
338579   268334
339225   89494
339225   311120
339399   207781
339399   233059
340307   262414
340307   340308
340308   262414
340308   340307
340447   231510
340664   340665
340665   340664
341002   138252
341142   24804
341458   244221
341867   159651
342955   200650
343633   339225
344171   344172
344172   344171
345959   345960
345960   345959
345992   345993
345996   55525
346536   257397
346708   171026
347035   347036
347035   347038
347036   347035
347038   347035
347048   347052
347048   350179
347052   347048
347052   350179
347492   359878
347492   359879
347492   359880
347522   256083
347522   347523
347523   256083
347523   347522
347642   31355
348169   269687
348169   269689
348906   264784
349090   55254
350179   347048
350179   347052
350615   321543
350894   350897
350894   361570
350897   350894
350897   361570
350914   350913
352501   127656
352501   352502
352501   352504
352502   352501
352502   352504
352504   352501
352504   352502
352906   37
352987   196625
355685   63053
355687   355690
355690   355687
355719   253717
356124   356126
356126   356124
356854   356855
356855   356854
357415   45682
357419   363703
358053   318464
358428   20178
358794   53570
359023   341870
359253   92069
359878   347492
359878   359879
359878   359880
359879   347492
359879   359878
359879   359880
359880   347492
359880   359878
359880   359879
361570   31355
361570   350894
361570   350897
362143   268141
362865   87448
362865   87449
363416   201933
363416   288318
363478   81374
363703   357419
363733   363734
363734   363733
363738   363739
363739   363738
363773   106090
364424   51209
364847   364846
364930   364934
364934   364930
366215   366216
366216   366215
366874   366875
366875   366874
367994   87654
368602   4090
369047   4459
369047   369046
369066   397240
369067   166701
369577   203977
370607   267894
370679   195789
370886   370888
370886   370890
370888   370886
370888   370890
370890   370886
370890   370888
371865   371869
371867   371869
372190   372192
372192   372190
372205   141183
372384   372386
372386   372384
372394   372395
372395   372394
374724   286068
374731   87448
374731   87449
374866   4462
375900   341870
376113   266979
380521   263154
381262   9764
381268   379521
381435   193885
381442   4459
383050   45824
383969   182974
384226   264772
384504   384506
384504   384507
384504   384508
384506   402373
384507   384504
384508   384504
386923   146205
386933   386934
386934   386933
386937   239544
386937   268289
386937   399615
387267   243707
388629   7591
388649   366215
391272   74196
391320   97816
392794   392795
392795   392794
394495   394496
394496   394495
394748   110143
395931   264772
396608   281440
396969   396970
396969   396971
396970   396969
396970   396971
396971   396969
396971   396970
397240   369066
398716   92790
399582   227776
399587   399592
399592   399587
399615   386937
399620   397476
399637   87654
400403   14379
401637   128768
402020   380388
402373   384506
402626   87654
402666   402667
402667   212257
402667   402666
402723   402724
402724   402723
402726   281151
403260   379521
403569   40366
403573   403575
403575   403573
404022   404023
404023   404022
404025   404026
404026   404025
405868   119540
406669   406642
407343   407345
407345   407343
408161   408162
408162   408161
408176   408177
408177   408176
408183   256391
408421   228840
408421   256391
409673   409519
