151   152
151   153
152   151
153   151
153   152
179   312
514   515
514   653
515   514
515   653
653   514
653   515
1057   21
1287   1288
1287   1290
1288   1290
1288   1580
1290   1288
1290   1580
1293   1294
1294   1293
1580   1288
1580   1290
1625   1627
1625   1629
1627   1625
1627   1628
1627   1629
1628   1625
1628   1627
1629   1625
1632   1631
1635   1634
1636   1640
1640   1636
1654   2826
1677   1678
1678   1677
1682   514
1687   1684
1871   690
2826   806
2826   1654
2894   4279
3549   4285
3776   3813
3854   9284
4279   4282
4282   4279
4285   3549
4298   4675
4388   2679
4459   5916
4675   4298
4743   4744
4744   4743
4744   4745
4745   4743
4745   4744
4746   4747
4747   4746
4752   4577
4759   4761
4761   4759
4822   9325
5133   158
5780   7947
5780   7948
5916   4459
6599   4029
6599   12340
6628   7257
6670   8858
6873   1504
6873   3996
7254   8887
7257   6628
7257   12358
7329   7659
7341   7343
7343   7341
7518   182
7591   7594
7594   7591
7659   7329
7681   7683
7683   7681
7685   7687
7687   7685
7947   5780
7948   5780
7948   7947
8200   514
8200   515
8202   1684
8247   8248
8254   1787
8316   6763
8326   8327
8326   8328
8327   8326
8327   8328
8328   8326
8328   8327
8329   8326
8329   8327
8858   6670
8883   8882
8887   7254
9120   9121
9121   5654
9121   9120
9246   9279
9250   9282
9264   9834
9267   4098
9269   9268
9269   9270
9270   9268
9270   9269
9272   9274
9274   9272
9276   9277
9277   9276
9282   9250
9325   4822
9708   10490
9747   14387
9755   9756
9756   9755
9834   9264
9875   11295
9878   9877
10034   10035
10035   10034
10069   10072
10071   12478
10076   10078
10079   10081
10081   10079
10085   10086
10086   10085
10490   9708
10752   20971
10752   20972
10910   10911
10911   10910
11155   16457
11428   11429
11429   11428
11431   2640
11433   11434
11434   11435
11435   11433
11435   11434
11437   11438
11438   11437
11664   28776
11991   11992
11991   12365
11992   11991
11992   12365
12000   6531
12340   6599
12340   12983
12350   3786
12358   7257
12363   12365
12365   12363
12478   10071
12511   12512
12512   12511
12614   12615
12617   15280
12631   12632
12632   12631
12645   12646
12645   28789
12646   12645
12646   28789
12648   12649
12649   12648
13081   6085
13227   9253
13628   23263
13707   17396
13912   19728
14381   14380
14382   6766
14383   14382
14394   14393
14402   20155
14402   20157
14444   9990
14620   28815
15156   6766
15236   15237
15237   15236
15279   15278
15280   12617
15282   15283
15283   15282
15349   4537
15375   13389
15644   16831
15670   5806
15689   15690
15690   15689
15733   15736
15733   15738
15736   15733
15736   15738
15738   15736
15930   18916
16457   11155
16649   16650
16650   16649
16831   15644
17098   304668
17140   7338
17639   15397
17650   17651
17651   29935
17683   20294
17997   26764
18153   7337
18231   18232
18234   18235
18234   18236
18235   18234
18235   21895
18236   18234
18236   21895
18438   18032
18826   21349
18916   15930
18959   18960
18960   18959
18960   24635
18961   18959
18966   18968
18968   18966
18969   18971
18969   21351
18969   21352
18969   21354
18970   18969
18971   18969
18971   21351
18971   21352
18971   21353
18971   21354
19652   3112
19704   9880
19728   13912
19926   9343
20155   14402
20157   14402
20180   18000
20181   152642
20181   190255
20182   1622
20294   17683
20479   8858
20487   26383
20531   4818
20596   20595
20598   20599
20599   36689
20624   14632
20971   6753
20971   10752
20971   20972
20975   34824
20977   20978
20978   20977
21029   23455
21298   21299
21299   21298
21300   20109
21302   21304
21344   32211
21347   25735
21349   1278
21351   18971
21351   21354
21352   18971
21352   21351
21353   18971
21353   21352
21354   21351
21358   21359
21359   21358
21486   24441
21550   21551
21551   21548
21551   21550
21850   31846
21895   18234
21895   18235
21895   18236
22124   22125
22125   22124
22153   9881
22266   4298
22276   36347
22430   18953
22600   8694
22849   22851
22851   22849
23263   13628
23352   23354
23354   23352
23452   70253
23455   21029
23456   23457
23457   23456
23837   6531
23837   23835
24030   24031
24030   24032
24030   24034
24031   24032
24031   24034
24032   24031
24034   24031
24035   24037
24037   24035
24441   21486
24457   24458
24458   24457
25209   182
25542   15016
26383   20487
26764   17997
26883   64419
26931   26933
26933   26931
26935   126171
26939   26940
26940   26939
27069   2687
27200   21
27326   8882
27988   21427
27991   27992
27991   27994
27992   27991
27992   27994
27994   27991
27994   27992
28359   7218
28776   11664
28789   12645
28789   12646
28789   40118
28798   6255
28801   28802
28801   28803
28801   28804
28801   28805
28802   28801
28802   28803
28802   28804
28802   28805
28803   28801
28803   28802
28803   28804
28803   28805
28804   28801
28804   28802
28804   28803
28804   28805
28805   28804
28815   14620
28820   312
28832   30450
28835   28836
28836   28835
28841   8882
29734   15930
29736   36226
29789   29791
29846   31867
29935   17649
29935   17650
29935   17651
30122   30123
30123   30122
30124   18825
30128   30129
30129   30128
30134   3112
30134   9272
30346   26505
30379   22059
30380   33194
30430   30433
30430   30434
30433   30430
30433   30434
30434   30430
30434   30433
30435   70822
30436   30435
30436   70822
30437   30435
30441   30440
30442   30443
30445   30446
30446   30445
30712   21
30810   36980
31872   69852
31890   4007
31993   43040
32000   51106
32416   22828
32509   29732
32579   9768
32679   43059
32762   21486
32762   24441
32971   32972
32972   32971
32972   54329
33169   33170
33170   33169
33189   33191
33189   33192
33189   33193
33191   33189
33191   33192
33192   33189
33192   33191
33194   30380
33196   33197
33197   33196
33199   34664
33199   36650
33199   42054
33201   33204
33204   33201
33213   33214
33214   33213
33223   26771
33228   33229
33229   33228
33354   85275
33356   33359
33359   33356
33361   1278
33416   33417
33416   33418
33416   33419
33417   33416
33417   33418
33418   33416
33418   33417
33419   33416
33419   33417
33419   33418
34079   126186
34208   34210
34274   10078
34277   89289
34664   33199
34664   36650
34792   67430
34841   34845
34842   37905
34842   37907
34843   97148
34845   34841
34917   193192
35112   35111
35112   35113
35118   60182
35233   50563
35545   12628
35832   1278
35835   4537
35835   4675
35906   70336
35963   16796
36159   36161
36161   36159
36162   36164
36164   36162
36185   36187
36187   23395
36187   36185
36187   36188
36189   36190
36190   36189
36226   29736
36332   6766
36347   22276
36356   40470
36380   24635
36382   36383
36382   36384
36383   36382
36383   36384
36383   72435
36384   36382
36384   36383
36384   97512
36385   36387
36387   36385
36421   67974
36424   36426
36427   36428
36427   36431
36427   56836
36427   79184
36428   36431
36431   36428
36433   36434
36434   36433
36436   25167
36440   42072
36448   36447
36650   33199
36650   34664
36980   30810
37088   9272
37088   9274
37216   39844
37259   28832
37259   30450
37423   36383
37423   72435
37850   31246
37905   34842
37907   34842
37909   37910
37910   37909
37956   12515
37956   20599
38023   143302
38165   83097
38165   83098
38165   83099
38165   83100
38165   83101
38319   38321
38321   38319
38584   95502
38593   50214
38937   9255
38938   1641
38938   15354
38943   38940
38974   3440
38974   38975
38977   20481
38977   38978
38978   20481
38978   38977
38981   38982
38982   38981
39536   16457
39536   21344
39547   139018
39558   24439
39959   7338
40118   28789
40302   62691
40311   40312
40312   40311
40470   5133
40470   36356
41068   46181
41071   41072
41072   41071
41073   87671
41494   29248
41496   41497
41496   41501
41496   41502
41497   41496
41497   41501
41497   41502
41501   41496
41501   41497
41501   41502
41502   41497
41502   41501
41506   41508
41507   41510
41508   41506
41510   41507
41512   41515
41512   41516
41515   41512
41515   41516
41516   41512
41516   41515
41576   97562
41696   43212
41771   94307
41857   4753
42054   33199
42070   42072
42132   9274
42137   33615
42235   79815
42352   42357
42357   42352
42360   36386
42499   47755
42499   47757
42504   143325
42504   143327
42521   56844
42521   56845
42521   56846
42787   50483
42883   9272
43040   31993
43059   32679
43212   41696
43212   64084
43251   43254
43254   43251
43592   153650
43596   50563
43598   15397
43833   19602
43881   15735
43885   43890
43890   43885
44003   44524
44175   21352
44177   44178
44178   44177
44237   44239
44237   44241
44239   44241
44241   44239
44456   44458
44456   44459
44458   44456
44458   44459
44459   44456
44459   44458
44460   100981
44466   36027
44509   82597
44512   44515
44512   44516
44514   44517
44515   44512
44516   44512
44517   44514
44524   44003
44790   44794
44794   44790
44826   143333
44837   7947
44849   81561
44908   158200
44913   44914
44914   44913
44914   54040
45337   53118
45531   54615
45531   54618
46181   41068
46457   102621
46524   15016
46556   48892
46865   54083
47068   47071
47071   47068
47406   47407
47407   47406
47409   47406
47422   47424
47422   47425
47422   47426
47424   47422
47424   47425
47424   47426
47424   47428
47425   47422
47425   47424
47425   47426
47426   47422
47426   47424
47426   47425
47428   47424
47428   47425
47428   47426
47549   31979
47661   47665
47665   47661
47665   99681
47753   47754
47754   47753
47755   42499
48210   79575
48309   99687
48873   61751
48892   5133
48892   46556
49186   67090
49273   139046
49273   139048
49273   139049
49273   139050
49273   139051
49273   139052
49532   44518
49722   81465
49756   72501
49778   49780
49780   49778
50214   9768
50214   15278
50276   53609
50394   80594
50475   50477
50476   50478
50478   50476
50483   42787
50483   80600
50483   80603
50563   35233
50594   18825
50594   21353
51106   92303
51137   64772
51277   50477
51393   15016
51919   51920
51920   51919
51932   51933
51932   51934
51933   51932
51933   51934
51934   51932
51934   51933
51936   21486
51975   87076
51976   51978
51978   51976
51982   50329
52504   67124
52881   23948
53071   15278
53113   39760
53118   45337
53147   53148
53148   53147
53599   53598
53604   53605
53605   53604
53609   50276
53635   99709
53698   64946
53812   4537
54034   54035
54035   54034
54040   44913
54040   44914
54329   32971
54329   78535
54395   54399
54395   54402
54399   54395
54405   96543
54407   167892
54498   91905
54523   20056
54575   24852
54615   45531
54618   45531
54628   67141
54629   54633
54633   54629
54862   12506
54916   54917
54916   54918
54917   54916
54917   54918
54918   54916
54918   54917
54924   54925
54924   54926
54924   54927
54925   54924
54925   54926
54926   54924
54926   54925
54927   54924
54927   54925
54927   54926
54970   9274
55254   109235
55606   55609
55609   64731
55609   64732
55609   64733
55609   64734
55609   64735
55609   64736
55609   64737
55609   64738
55609   64739
55681   49394
55960   12614
55960   12615
55965   18969
56249   7337
56249   70068
56585   167558
56741   56742
56742   56741
56758   128316
56831   56832
56834   119892
56836   36427
56836   36428
56836   36431
56837   124038
56838   19602
56839   56842
56840   97657
56840   97659
56841   51813
56841   56839
56841   56842
56842   56839
56842   91910
56844   42521
56844   56845
56845   42521
56845   56844
56846   42521
57041   56065
57041   72042
57140   61402
57658   57660
57658   57661
57658   57662
57658   57663
57658   57665
57660   802
57660   57658
57660   57662
57660   57665
57661   57658
57661   57665
57662   57658
57662   57661
57662   57663
57662   57665
57663   57658
57663   57661
57663   57662
57665   57658
57665   57661
57820   57826
57823   57820
57826   57820
57826   134271
58086   96587
58155   58157
58157   58155
58360   58361
58360   107649
58361   58360
58612   44861
58686   18032
58686   58687
58693   58694
58693   58695
58694   58693
58694   58695
58695   58693
58695   58694
58696   17662
58697   58698
58698   58697
58753   61751
58764   16392
58902   12609
58926   54589
58965   58966
58965   58967
58965   58968
58965   58969
58966   58965
58966   58967
58966   58968
58967   58965
58967   58966
58967   58968
58967   58969
58968   58965
58968   58966
58968   58970
58969   58965
58969   58966
58969   58967
58969   58968
58969   58970
58970   143794
58974   58975
58975   32981
58975   58974
59026   135687
59456   59455
59456   116687
59458   59459
59458   59460
59458   59461
59459   59458
59459   59460
59459   59461
59460   59458
59460   59461
59461   59460
59463   59465
59463   59466
59464   59463
59464   59469
59465   59463
59465   59466
59465   61427
59466   59463
59466   59465
59466   59469
59469   59464
59469   59471
59471   59469
59475   59476
59475   59477
59475   59479
59476   59475
59476   59477
59476   59479
59477   59475
59477   59476
59477   59479
59479   59475
59479   59476
59479   59477
59518   5133
59524   18253
60081   62046
60117   20657
60125   60126
60125   135086
60126   60125
60166   118213
60173   151771
60180   35118
60182   35118
60190   60189
60190   60192
60192   60190
60549   33209
60737   60739
60739   60737
60740   60741
60741   60740
60764   158
60764   82728
60768   36422
60863   60865
60864   60865
60865   60863
60865   60864
60865   60867
60867   60863
60867   60864
60867   60865
60869   60872
60871   157839
60872   60869
60874   60876
60874   83715
60876   60874
60879   60880
60879   60881
60879   60884
60880   60879
60880   60881
60880   60884
60881   60879
60881   60880
60881   60884
60884   60879
60884   60880
60884   60881
60898   4537
61402   57140
61427   59465
61429   61431
61429   61432
61431   61429
61431   61432
61432   61429
61432   61431
61441   61438
61770   32579
61781   61782
61782   61781
61792   179295
61888   144185
62046   60081
62070   194355
62283   29779
62359   1678
62478   9274
62691   40302
62718   57138
62912   62913
62913   62912
62913   62914
62914   62912
62914   62913
62937   62935
63243   63244
63244   63243
63244   63245
63245   63243
63416   72639
63518   143330
63623   63624
63623   63628
63624   63623
63624   63628
63628   63623
63628   63624
63836   77126
63849   63850
63850   63849
63905   103547
64087   152128
64088   9273
64094   42060
64096   42060
64344   64345
64419   26883
64592   59465
64592   144897
64701   32509
64704   80561
64722   64723
64722   64726
64722   64728
64723   64722
64723   64726
64723   64728
64726   64722
64726   64723
64726   64728
64728   64722
64728   64723
64728   64726
64731   55609
64731   64732
64731   64734
64731   64735
64731   64736
64731   64737
64731   64738
64731   64739
64732   55609
64732   64731
64732   64733
64732   64734
64732   64736
64732   64737
64732   64738
64733   55609
64733   64731
64733   64732
64733   64734
64733   64736
64733   64737
64734   55609
64734   64731
64734   64732
64734   64733
64734   64736
64734   64737
64734   64738
64735   55609
64735   64731
64735   64732
64735   64734
64735   64736
64735   64737
64735   64738
64735   64739
64736   55609
64736   64731
64736   64732
64736   64734
64736   64737
64736   64738
64736   64739
64737   55609
64737   64731
64737   64732
64737   64733
64737   64734
64737   64736
64737   64738
64738   55609
64738   64731
64738   64732
64738   64734
64738   64735
64738   64736
64738   64737
64738   64739
64739   55609
64739   64731
64739   64732
64739   64735
64739   64736
64739   64738
64741   64743
64742   64741
64743   64741
64743   106101
64763   29846
64763   163758
64772   152886
65047   72683
65311   77614
65536   128350
65645   65646
65646   65645
65649   65645
66752   4537
67071   67072
67071   67074
67072   67071
67072   67074
67074   67071
67074   67072
67090   49186
67098   9766
67124   52504
67129   113577
67141   54628
67430   34792
67522   36447
67530   67531
67531   67530
67535   67530
67554   67555
67555   67554
67557   67554
67557   67555
67833   15855
67870   67872
67871   67872
67974   36421
68106   79764
68262   68263
68263   68262
68434   68436
68436   121377
68838   103790
68838   103791
68838   103792
68838   103793
68838   103795
68909   15930
69054   75087
69066   171884
69068   140532
69108   69106
69110   69106
69110   81841
69110   81843
69497   8333
69497   49126
69852   31872
70068   56249
70238   22886
70336   30440
70336   35906
70336   103211
70733   110775
70733   110776
70822   30435
70904   81580
71277   180963
71331   71335
71335   71331
71337   15558
71406   174119
71442   13342
71468   514
71468   29767
71468   109629
71468   109631
71688   71689
71689   71688
71847   6459
72042   57041
72087   4534
72094   12333
72265   21293
72370   114222
72373   72374
72374   72373
72435   36383
72435   37423
72501   49756
72639   63416
72672   69106
72681   118008
72778   156752
72888   72893
72893   72888
73210   9246
73320   14379
73361   15274
73626   142993
73762   108165
73762   108166
73762   108167
73762   108168
74019   101955
74196   140555
74781   76835
74974   56836
75037   61441
75087   31234
75087   69054
75182   5996
75182   6754
75189   29248
75881   149771
76201   76203
76203   76201
76247   6085
76273   2955
76609   76611
76611   76609
76611   83558
76876   33415
76876   76878
76876   126164
76878   76876
76895   76896
76895   76898
76896   76895
76896   76898
76897   44515
76897   76895
76898   76895
76898   76896
76901   76902
76902   76901
76903   159202
76904   96466
76910   137699
77126   63836
77861   96770
77863   84508
77866   77867
77867   77866
77992   30122
77992   38584
77992   95502
78011   117295
78243   313958
78453   87800
78535   32972
78535   54329
79136   99453
79182   1622
79184   36427
79392   84973
79556   157193
79572   79573
79573   79572
79575   48210
79764   68106
79765   79766
79765   79767
79765   100978
79766   79765
79766   79767
79766   79768
79767   79765
79767   79766
79771   79768
79812   28526
79814   79815
79815   42235
80473   114296
80473   114297
80561   64704
80594   50394
80598   94747
80600   50483
80600   58361
80603   61075
80606   80608
80608   80606
80608   80607
80786   105973
80786   105974
80786   105975
80980   80981
80981   80980
81411   81414
81414   81411
81414   95760
81416   81411
81451   82460
81465   49722
81561   81562
81562   81561
81564   48629
81564   81566
81566   81564
81580   70904
81841   69110
81843   23948
81843   69110
82209   36689
82223   89692
82244   82246
82246   82244
82460   81451
82572   41771
82572   94307
82573   82575
82576   82578
82576   82579
82576   82581
82578   82576
82578   82579
82579   82578
82579   82581
82579   82583
82581   82579
82583   47195
82583   82579
82583   201007
82583   201008
82583   201009
82584   82585
82584   82586
82585   82584
82585   82586
82587   169720
82588   82589
82589   82588
82590   127572
82590   127573
82590   127574
82590   127575
82590   127576
82597   44509
82728   60764
82780   105466
82784   88565
82784   88566
82784   88569
82784   88570
82784   88572
82786   82787
82786   82788
82786   86130
82786   86132
82787   82786
82787   82788
82788   82786
82788   82787
82788   86130
82799   82802
82799   82803
82799   151461
82802   82799
82802   82803
82802   151461
82803   82799
82803   82802
82803   151460
82803   151461
82970   82971
82970   82975
82971   82970
82971   82975
82973   82970
82973   82975
82975   82970
82975   82971
83097   38165
83097   83099
83097   83101
83098   38165
83098   83099
83099   83097
83099   83101
83099   134035
83099   134038
83100   38165
83100   87002
83100   87003
83100   87007
83101   83097
83101   83099
83105   83107
83105   83108
83107   83105
83108   83105
83108   83107
83154   7337
83157   37288
83157   160004
83157   160005
83159   19602
83159   43833
83325   36955
83325   112554
83327   82780
83330   41818
83558   91656
83576   35050
83630   74426
83632   83633
83632   83636
83633   83632
83633   83636
83634   83635
83635   83634
83636   83632
83636   83633
83709   123485
83710   38792
83715   60874
83870   83871
83870   83872
83871   83870
83872   83870
83872   83871
83882   83883
83904   151463
84119   149811
84390   84391
84390   84392
84390   84393
84391   84390
84391   84392
84391   84393
84392   84390
84392   84391
84392   84393
84393   84390
84393   84391
84393   84392
84394   84395
84407   30104
84410   91686
84412   84413
84412   84414
84412   84416
84413   84412
84413   84416
84414   84412
84416   84412
84416   84413
84416   84414
84419   143045
84421   143045
84508   77863
84565   36499
84577   6525
84967   84969
84967   84972
84967   84973
84969   84967
84969   84972
84969   84973
84972   84967
84972   84969
84972   84973
84974   84975
84975   84974
84989   90049
84999   171625
85199   116685
85223   24445
85273   85274
85275   33354
85275   210930
85364   85368
85365   85364
85365   85366
85365   85367
85366   85364
85366   85365
85366   85367
85367   85365
85367   85366
85368   85364
85369   85370
85369   85371
85370   85369
85370   85371
85370   85374
85371   85369
85371   85370
85371   85374
85374   85369
85374   85370
85374   85371
85378   85379
85378   85385
85379   85378
85379   85385
85385   85378
85385   85379
85532   94965
85587   85589
85587   85590
85589   85587
85589   85592
85590   85587
85590   85592
85592   85587
85592   85589
85592   85590
86007   25735
86007   151461
86113   86114
86113   86115
86113   140138
86114   86113
86114   86115
86121   324383
86126   6085
86132   89542
86133   82984
86133   164076
86679   80594
86999   19586
87002   38165
87002   83100
87002   87003
87003   83100
87003   87002
87003   87007
87007   83100
87007   87003
87062   87061
87062   87064
87063   87061
87064   87062
87076   51975
87327   102651
87436   87438
87438   87436
87443   101545
87450   87452
87450   87453
87450   87455
87452   87450
87452   87453
87452   87455
87452   120433
87453   120433
87455   87450
87458   87460
87460   87458
87654   87652
87656   155435
87671   41073
87800   78453
88227   63835
88227   171354
88357   11627
88357   88358
88358   1631
88358   88357
88542   95755
88565   82784
88565   88566
88565   88569
88566   82784
88566   88565
88566   88569
88569   82784
88569   88565
88569   88566
88570   82784
88570   88572
88572   82784
88577   88578
88578   88577
88612   171961
88612   171962
89005   89002
89028   66261
89484   9246
89484   89485
89484   89486
89484   89487
89485   89487
89485   89488
89486   89484
89486   89485
89486   89487
89487   89485
89487   89488
89488   89485
89488   89487
89489   89491
89489   89493
89491   89489
89491   89493
89491   89494
89491   89495
89492   89495
89492   103782
89493   89489
89493   89491
89494   89489
89494   89491
89494   89493
89495   89492
89495   103781
89495   103782
89495   103783
89495   103784
89497   61438
89498   312958
89539   89541
89540   171964
89540   171965
89540   171968
89541   89539
89542   86132
89692   82223
89846   61751
89980   59469
90041   90044
90043   90041
90044   90041
90045   90041
90045   90044
90049   84989
90443   64118
90456   90457
90456   90458
90456   90459
90456   95842
90457   90456
90457   90458
90458   90456
90458   90457
90458   90459
90458   95842
90459   90456
90459   90457
90459   90458
90459   95842
90509   90510
90509   90511
90509   90512
90510   90509
90510   90511
90510   90512
90510   90513
90511   90509
90511   90510
90511   90512
90512   90509
90512   90511
90513   90510
90513   90512
90517   90518
90518   90517
90520   41758
90532   137589
90740   228268
90898   90899
90898   90900
90899   90898
90899   90900
90900   90898
90900   90899
91019   41076
91019   227256
91024   91025
91025   91024
91026   91028
91026   91029
91029   91026
91029   91028
91042   91043
91043   91042
91180   114376
91180   114377
91180   114378
91180   114379
91366   36689
91440   91441
91440   103799
91440   103800
91441   91440
91441   91442
91441   91443
91442   91441
91442   91443
91443   91441
91445   13684
91446   31751
91656   83558
91686   84410
91905   54498
91907   49394
91910   56842
92791   58360
92791   107649
93363   33203
93492   208434
93492   208435
93605   101154
94027   94030
94027   104456
94030   94027
94062   4537
94067   5931
94067   22175
94070   94072
94072   94070
94078   158198
94237   98500
94239   66194
94239   263916
94258   68383
94534   146478
94537   33432
94585   94587
94585   153765
94587   94585
94747   80598
94929   21361
94965   85532
95250   152236
95502   38584
95502   77992
95516   35300
95516   118474
95716   95717
95716   95718
95716   95719
95716   95720
95716   95721
95716   95722
95717   95716
95717   95718
95717   95719
95717   95720
95717   95721
95717   95722
95718   95716
95718   95717
95718   95719
95718   95720
95718   95721
95718   95722
95719   95716
95719   95717
95719   95718
95719   95720
95719   95721
95719   95722
95720   95716
95720   95717
95720   95722
95721   95716
95721   95717
95721   95718
95721   95719
95721   95720
95721   95722
95722   95716
95722   95717
95722   95718
95722   95719
95722   95720
95724   95725
95725   95724
95733   95735
95735   95733
95736   95737
95737   36027
95737   95736
95739   49394
95739   95736
95751   95753
95751   95754
95751   95755
95751   95756
95753   95751
95753   95756
95754   95751
95754   95753
95755   88542
95755   95751
95755   95754
95756   95751
95756   95753
95842   90456
95842   90457
95842   90458
95842   90459
96098   121109
96098   121113
96466   76904
96543   113911
96544   316581
96546   96547
96546   96548
96546   96549
96546   96553
96547   96546
96547   96548
96547   96549
96548   96546
96548   96547
96548   96549
96548   96553
96549   96546
96549   96547
96549   96548
96549   96553
96553   96546
96587   58086
96770   77861
97130   211993
97147   273248
97147   273249
97147   273250
97147   273251
97147   273253
97148   34843
97198   97199
97206   154498
97208   324390
97405   97407
97407   97404
97407   97405
97414   97416
97414   97417
97414   97419
97415   97417
97416   97414
97416   97417
97416   97419
97417   97414
97417   97416
97417   97419
97419   97414
97419   97416
97419   97417
97512   36384
97562   41576
97568   194984
97568   197034
97657   56840
97659   56840
97659   97657
97746   109817
97746   109819
97746   109822
97746   109823
97747   97748
97748   9427
97748   97747
97754   97756
97754   127166
97754   127167
97754   127168
97754   127170
97756   97754
97756   127166
97756   127167
97756   127168
97756   127170
97844   112776
97958   97959
97959   97958
97970   97971
97970   97972
97970   97974
97971   97970
97971   97972
97971   97974
97972   97970
97972   97971
97972   97974
97974   97971
98034   98036
98036   98034
98500   94237
99384   110742
99385   99384
99386   99385
99387   12515
99387   71442
99387   99388
99453   79136
99681   47665
99687   48309
100016   70331
100059   227442
100207   8211
100232   2216
100293   100295
100295   100293
100310   117334
100368   215545
100410   100411
100411   100410
100423   144968
100426   100427
100426   100428
100426   100429
100426   100430
100426   100432
100427   100426
100427   100428
100427   100429
100427   100430
100427   100432
100428   100426
100428   100427
100428   100429
100428   100430
100428   100432
100429   100426
100429   100427
100429   100428
100429   100430
100429   100432
100430   100426
100430   100427
100430   100428
100430   100429
100430   100432
100432   100426
100432   100427
100432   100428
100432   100429
100432   100430
100434   82792
100436   43059
100541   140202
100978   79765
100978   115680
100981   124036
101188   144495
101485   114305
101491   101492
101492   101491
101955   74019
102160   127677
102488   19515
102621   46457
102621   61438
102625   102626
102626   102625
102632   102634
102632   112772
102634   102632
102634   172379
102634   172383
102637   21499
102638   21499
102649   146596
102651   87327
102652   102651
102652   120091
102907   214555
103023   59517
103091   37216
103421   209114
103454   31379
103537   134883
103560   28832
103596   84987
103596   152914
103596   178551
103598   123554
103778   174118
103781   89492
103781   89495
103781   103782
103781   103783
103782   89492
103782   89495
103783   89492
103783   89495
103783   103782
103783   103784
103783   179696
103784   89492
103784   89495
103784   103782
103784   103783
103784   179696
103786   103788
103786   141366
103788   103789
103788   108427
103788   108430
103789   103788
103789   108427
103789   108430
103790   68838
103790   103791
103791   68838
103791   103793
103792   68838
103793   68838
103793   103791
103794   68838
103795   68838
103799   91440
103861   121099
104041   133733
104041   133736
104204   121182
104204   138789
104830   107927
104830   134451
104830   150638
105341   117920
105348   69361
105351   105352
105351   105353
105352   105355
105353   105351
105355   105352
105436   121113
105466   82780
105466   231106
105469   105471
105471   105469
105479   105480
105480   105479
105482   105483
105483   105482
105602   142741
105748   21293
105810   85587
105819   22853
105898   134752
105926   58361
105934   73071
105973   80786
105973   105974
105973   105975
105974   80786
105974   105973
105975   178219
106100   106096
106101   64741
106148   106667
106149   106152
106152   106149
106649   106651
106651   106649
106667   106666
106670   175896
106670   175897
106808   27200
107047   129139
107649   58360
107649   92791
107649   163148
107655   107656
107656   107655
107749   49186
107927   104830
107927   148756
108107   108109
108109   108107
108161   108163
108163   108161
108165   73762
108166   73762
108167   17683
108167   73762
108167   159265
108168   73762
108216   108218
108218   108216
108220   136365
108402   48869
108427   103788
108427   103789
108430   103788
108430   103789
108449   110512
108776   171961
108841   114533
109159   109163
109163   109159
109198   109199
109198   109200
109199   109198
109199   109200
109200   109198
109202   83565
109207   44913
109209   60442
109209   109210
109210   60442
109210   109209
109211   109216
109213   47404
109214   109218
109218   109214
109218   256576
109233   140134
109238   54035
109406   84395
109417   109418
109418   109417
109484   43733
109563   55361
109563   141904
109593   32971
109600   109601
109600   109604
109600   109605
109601   109600
109601   109605
109603   109605
109604   109600
109604   109601
109604   109605
109605   109600
109605   109601
109622   109623
109623   109622
109629   71468
109629   109631
109631   71468
109631   109629
109665   185246
109817   97746
109817   109819
109817   109822
109819   97746
109819   109817
109819   109822
109822   95220
109822   97746
109822   109817
109822   109819
109824   21354
109828   137380
109828   137382
109829   109832
109829   137072
109832   109835
109832   137072
109834   109832
109834   109835
109835   109832
109835   109834
109839   129139
109844   109845
109844   109846
109844   109847
109845   109844
109845   109846
109845   109847
109846   99615
109846   109844
109846   109845
109847   109844
109847   109845
109848   109846
110143   24580
110400   110402
110504   99020
110512   108449
110533   110535
110535   110533
110742   99384
110742   118900
110775   92061
110775   110776
110776   70733
110776   92061
110776   110775
110785   114178
110890   78249
111088   103439
111308   65844
111520   121182
111870   113443
111872   113443
112010   112012
112012   112010
112210   113445
112210   113447
112380   190767
112388   81585
112554   83325
112723   112724
112723   112726
112723   112727
112723   112728
112723   112729
112723   112730
112723   112732
112724   112723
112724   112726
112724   112727
112724   112728
112724   112729
112724   112730
112724   112732
112726   112723
112726   112724
112726   112727
112726   112728
112726   112729
112726   112730
112727   112723
112727   112724
112727   112726
112727   112728
112727   112729
112727   112730
112728   112723
112728   112724
112728   112726
112728   112727
112728   112729
112728   112730
112728   112732
112729   112723
112729   112724
112729   112726
112729   112727
112729   112728
112729   112730
112729   112732
112730   112723
112730   112724
112730   112726
112730   112727
112730   112728
112730   112729
112730   112732
112732   112723
112732   112724
112732   112727
112732   112729
112732   112730
112776   97844
112955   114024
113034   27747
113443   111870
113443   113723
113445   112210
113445   113447
113447   112210
113447   113445
113577   67129
113577   154544
113577   193474
113687   211110
113723   111870
113723   113443
113911   96543
114151   114152
114151   114153
114153   114151
114153   114152
114157   14369
114175   195589
114177   114178
114177   114179
114178   110785
114178   114177
114179   4119
114179   114177
114179   265364
114182   114183
114182   114185
114183   114182
114183   114185
114185   114182
114185   114183
114190   19226
114191   114194
114191   114195
114194   114191
114195   114191
114197   114191
114197   114194
114222   72370
114227   13342
114296   80473
114296   114297
114297   80473
114297   114296
114305   101485
114311   228219
114376   91180
114376   114377
114376   114378
114376   114379
114377   91180
114377   114376
114378   91180
114378   114376
114379   91180
114379   114376
114383   114384
114384   114383
114386   114387
114387   114386
114533   108841
114681   15114
114683   114684
114684   33432
114684   114683
114739   18894
114800   118638
114800   118640
114854   24035
115057   115060
115060   115057
115060   293766
115100   115102
115100   115103
115102   115100
115102   115103
115103   115100
115103   115102
115111   115116
115111   116288
115283   26258
115471   115472
115472   115471
115472   115473
115473   115472
115483   39959
115557   115558
115558   115557
115671   115672
115672   115671
115674   115675
115674   115676
115674   115677
115675   115674
115675   115676
115675   115677
115676   115674
115676   115675
115676   115677
115677   115674
115677   115675
115677   115676
115727   143304
115727   143307
115727   143308
115838   154550
115838   154551
116459   185259
116473   99948
116475   116476
116476   116475
116672   162335
116672   227779
116685   85199
116687   59456
117006   98034
117127   44797
117287   117288
117287   117291
117288   117287
117291   117287
117295   117297
117297   117295
117307   117308
117308   117307
117334   18969
117334   21352
117334   100310
117339   182970
117809   117811
117809   130593
117811   117809
117841   117842
117841   117843
117841   117845
117842   117841
117842   117843
117842   117845
117843   117841
117843   117842
117843   117845
117845   117841
117845   117842
117845   117843
117920   105341
117921   117920
117922   105341
117922   117920
117974   68253
117975   142469
117981   117982
117982   117981
118008   72681
118063   45656
118132   118133
118132   136028
118133   118132
118140   118142
118142   21293
118213   60166
118474   95516
118546   118548
118548   118546
118558   118560
118560   118558
118589   118590
118589   118592
118589   118593
118589   118594
118590   118589
118590   118592
118590   118593
118592   118589
118592   118590
118592   118593
118592   118594
118593   118589
118593   118590
118593   118592
118594   118589
118594   118592
118604   60189
118610   122786
118638   114800
118638   118640
118638   180005
118648   118554
118778   209427
118900   110742
119276   92061
119477   175623
119562   119560
119563   119560
119567   58683
119567   86442
119574   4749
119575   119576
119576   119575
119580   119582
119580   226104
119582   29736
119582   119580
119802   138508
119892   56834
120091   102651
120379   5133
120384   17827
120411   120417
120417   120411
120418   120421
120418   120424
120418   120425
120421   120418
120424   120418
120425   120418
120426   120427
120426   120428
120426   120429
120427   120426
120427   120428
120427   120429
120428   120426
120428   120427
120428   120429
120429   120426
120429   120427
120429   120428
120431   15278
120431   32579
120432   154713
120433   87452
120433   87453
120435   87450
120435   87453
120445   120446
120446   120445
120447   120449
120449   120447
120888   6480
121103   161919
121109   96098
121109   121112
121112   96098
121112   121109
121113   96098
121113   121109
121124   121126
121132   121134
121134   121132
121136   121137
121137   121136
121139   121140
121140   121136
121140   121139
121142   121144
121144   121142
121182   104204
121182   138789
121218   9990
121377   68436
121513   121514
121514   121513
121514   143311
121527   43702
121811   34664
121811   121812
121812   121811
122060   122064
122060   233230
122062   122064
122064   122060
122064   122062
122246   122249
122246   122250
122249   122246
122250   122246
122647   122649
122647   122650
122649   122647
122649   122650
122650   122647
122652   122653
122652   122657
122652   122658
122653   122652
122653   122657
122653   122658
122657   122652
122657   122653
122658   122652
122658   122653
122662   122664
122664   166431
122664   227782
122673   18971
122674   30124
122786   17421
122786   118610
122848   42787
122850   295304
122855   133852
122855   155619
123123   123126
123126   123123
123485   83709
123554   103598
123609   72094
124036   100981
124036   125942
124059   128150
124059   128151
124059   128152
124121   278502
124289   60869
124289   60871
124289   157839
124388   127348
124475   45656
124475   82458
124622   4298
124733   21
124835   1287
124835   1288
124835   1290
124960   124961
124961   124960
125188   113577
125484   125485
125485   125484
125485   125487
125487   22269
125490   30123
125490   30124
125691   135453
125776   79136
125912   125910
125914   236159
125914   236160
125942   100981
125942   124036
125943   9250
126159   133861
126161   18969
126171   26935
126178   199883
126179   52521
126186   34079
126437   126438
126438   126437
127059   127062
127062   127059
127076   92301
127109   127110
127110   127109
127120   127122
127120   246068
127122   127120
127122   246068
127123   66261
127166   97754
127166   97756
127166   127168
127166   127170
127166   130631
127166   130633
127167   97754
127167   97756
127167   127166
127168   97754
127168   97756
127168   127166
127168   127170
127168   130631
127168   130633
127170   97754
127170   97756
127170   127166
127170   127167
127170   127168
127313   127314
127314   127313
127316   2216
127348   127350
127349   127348
127349   181130
127350   127348
127400   154552
127524   127526
127556   49394
127563   6459
127563   8421
127567   9250
127567   9282
127567   127568
127568   9282
127568   127567
127570   127571
127571   127570
127572   82590
127572   127573
127572   127574
127572   127575
127572   127576
127573   82590
127573   127572
127573   127574
127573   127575
127573   127576
127574   82590
127574   127572
127574   127573
127574   127575
127574   127576
127575   82590
127575   127572
127575   127573
127575   127574
127576   82590
127576   127572
127576   127573
127576   127574
127576   127575
127578   127579
127578   170814
127579   127578
127579   234335
127580   127581
127581   127580
127732   32579
127784   12985
127833   127834
127834   127833
127835   25167
127835   26883
127836   181420
127837   127839
127839   127837
127839   127841
127840   20066
127841   127839
127848   127849
127849   127848
127851   313269
128046   89460
128046   137588
128150   124059
128150   128151
128150   128152
128151   124059
128151   128150
128151   128152
128152   124059
128152   128150
128152   128151
128188   5133
128220   33116
128350   128352
128517   130955
128517   156661
128757   36689
128758   92061
128768   128769
128768   128770
128769   128768
128769   128770
128770   128768
128770   128769
129139   109839
129181   233493
129849   142770
130119   130120
130120   130119
130586   58361
130593   117809
130631   97754
130631   97756
130631   127166
130631   127168
130631   127170
130631   130633
130631   208123
130633   97754
130633   97756
130633   127166
130633   127168
130633   127170
130633   130631
130636   130638
130641   130642
130641   130646
130642   130641
130642   130646
130646   130641
130646   130642
130646   171720
130735   83558
130735   91656
130952   130953
130953   130952
130955   128517
130955   156661
130958   130959
130962   130964
130970   178263
131095   37961
132697   11155
132697   16457
132731   32679
132731   105979
132733   132734
132734   132733
132738   121099
132738   132740
132740   132738
132741   132742
132748   132749
132749   132748
132753   143468
132755   132757
132755   132758
132755   132759
132755   132762
132756   132755
132756   132757
132756   132758
132756   132759
132757   132755
132757   132756
132757   132759
132757   132762
132758   132755
132758   132756
132758   132759
132759   132755
132759   132756
132759   132757
132759   132758
132762   132755
132762   132757
132762   132758
132762   132759
132763   132764
132764   132763
133733   104041
133736   104041
133736   193085
133801   136839
133805   133806
133805   133811
133806   133805
133806   133811
133811   133805
133811   133806
133842   133843
133843   133842
133846   147838
133853   133856
133853   133857
133853   133859
133856   133853
133856   133857
133857   133853
133857   133856
133859   133853
133861   126159
133865   56744
134035   83099
134038   83099
134038   134035
134039   21
134129   312
134135   134138
134138   134135
134139   94544
134140   89542
134141   36447
134204   272315
134219   134221
134221   134219
134271   57826
134271   134272
134272   134271
134272   231748
134298   178041
134335   69498
134384   39016
134384   134385
134384   134386
134385   134384
134386   134384
134387   134388
134387   136841
134388   134387
134388   136841
134391   134393
134446   134447
134446   134448
134447   134446
134448   4537
134448   134446
134449   134450
134449   134453
134449   150638
134450   134449
134451   104830
134451   150638
134453   134449
134752   105898
134752   310963
134883   103537
134983   32989
135086   60125
135453   125691
135595   114152
135597   97199
135687   59026
135716   135717
135717   135716
135983   172495
135983   172496
135983   172497
136028   118132
136028   155316
136103   137552
136516   164936
136660   89028
136674   136676
136674   136678
136676   136674
136676   136678
136678   136676
136680   514
136689   136692
136692   136689
136789   94255
136839   133801
136841   134387
136841   134388
137036   137037
137037   137036
137072   109832
137072   109835
137076   44454
137165   96543
137211   4537
137215   137782
137269   28835
137380   109828
137380   137382
137382   109828
137382   137380
137483   100310
137526   137527
137527   137526
137552   136103
137583   253123
137588   128046
137588   247126
137589   90532
137699   76910
137770   60871
137770   60872
137782   137215
138259   138261
138260   138259
138260   138261
138261   138259
138745   82984
138784   138789
138787   138790
138789   104204
138790   138784
138790   138787
138839   22266
138839   44982
139018   39547
139046   49273
139046   139048
139046   139049
139046   139051
139048   49273
139048   139046
139048   139049
139048   139051
139049   49273
139049   139046
139049   139048
139049   139050
139049   139051
139050   49273
139050   165632
139051   49273
139051   139046
139051   139048
139051   139049
139052   49273
139052   139046
139052   139048
139052   139049
139054   21351
139054   26178
139055   139054
139060   139062
139062   31379
139062   42890
139062   139060
139064   139066
139066   139064
139135   139136
139135   139138
139136   139135
139136   139138
139138   139135
139138   139136
139555   145479
140134   109233
140138   86113
140180   9272
140209   62115
140282   190809
140282   190810
140284   140286
140284   180648
140286   140284
140289   140290
140289   140291
140290   140289
140290   140291
140291   140289
140291   140290
140532   69068
140555   74196
141148   141146
141150   141151
141150   141152
141150   141155
141151   141152
141151   141155
141152   141151
141152   141155
141155   141150
141155   141151
141155   141152
141188   141189
141188   141191
141188   141192
141189   141188
141189   141192
141191   141188
141192   117809
141192   141188
141192   141189
141192   237849
141504   33206
141951   36027
142089   46557
142236   115849
142304   24037
142468   142469
142468   142471
142468   142473
142469   117975
142471   142468
142471   142469
142473   142468
142473   142469
142701   21
142741   105602
142841   208035
142854   142856
142854   142858
142854   142859
142856   142854
142856   142858
142856   142859
142858   142854
142858   142856
142858   142859
142859   142854
142859   142856
142859   142858
142860   142861
142861   142860
142905   54620
142993   73626
143045   84419
143045   84421
143162   138789
143296   8327
143304   115727
143304   143307
143304   143308
143305   143304
143307   115727
143307   143304
143307   143308
143308   115727
143308   143304
143308   143307
143311   121514
143324   42348
143325   42504
143330   63518
143333   44826
143468   132753
143728   153186
143794   58970
143813   23987
144185   61888
144186   144187
144187   144186
144190   20599
144190   144191
144190   144193
144191   20599
144191   144190
144193   54620
144193   144190
144196   72060
144201   131062
144206   175898
144495   101188
144498   157702
144506   82587
144506   224944
144506   224945
144895   14402
144895   20155
144895   20157
144897   59465
144897   64592
144897   216155
144900   144901
144901   144900
144901   144903
144903   144901
144905   41086
144915   144917
144917   144915
144918   144920
144920   144918
144934   21
144968   100423
145151   194466
145152   60312
145170   2679
145324   168127
145425   206421
145425   206424
145458   91014
145582   286032
145648   33160
145648   228344
145686   73577
145693   156121
146477   146478
146478   94534
146478   146477
146479   25167
146596   102649
147090   193481
147369   147374
147374   147369
147375   147376
147376   147369
147376   147375
147838   133846
148131   148135
148135   148131
148756   104830
148756   107927
149332   15577
149763   86130
149771   75881
149811   84119
149811   185946
149883   52881
149883   190793
149990   33415
150088   18969
150088   150410
150088   150411
150291   91440
150368   213920
150397   47429
150410   150088
150410   150411
150411   150088
150411   150410
150638   104830
150638   134451
150639   150641
150641   150639
150644   150646
150644   150647
150644   150648
150644   150649
150646   150644
150646   150647
150646   150648
150646   150649
150647   150644
150647   150646
150647   150649
150648   150644
150648   150646
150648   150649
150649   150644
150649   150646
150649   150647
150649   150648
150736   32972
150768   150771
150771   150768
150919   49394
151010   204295
151157   151158
151158   151157
151192   101404
151269   46557
151279   36165
151436   67141
151456   151452
151460   82803
151461   25735
151461   86007
151463   83904
151463   143045
151467   263785
151639   100305
151748   151749
151751   36447
151763   185261
151763   185262
151763   196682
151763   196683
151763   252197
151765   151158
151766   151767
151767   151766
151771   60173
151776   61246
151776   100981
151812   25735
151864   128352
151864   151865
151865   128352
151865   151864
151869   39760
151869   151870
151870   151869
151872   151876
151875   151878
151876   17683
151876   151872
151878   151875
151879   151880
151879   151881
151880   151879
151880   151881
151881   151879
151881   151880
151906   176902
152091   152092
152091   152093
152092   152091
152093   152091
152100   152102
152100   152103
152102   152100
152102   152103
152103   152100
152103   152102
152111   286035
152119   152122
152119   152123
152119   152124
152122   152119
152122   152123
152122   152124
152123   152119
152123   152122
152123   152124
152124   152119
152124   152122
152124   152123
152126   9272
152126   9274
152126   152128
152128   152126
152129   51022
152176   152177
152177   152176
152186   91035
152202   100299
152236   213926
152642   1636
152642   20181
152642   190255
152672   113720
152700   33160
152700   152701
152701   33160
152701   152700
152886   64772
152886   168870
152907   5806
152914   84987
152914   103596
153186   143728
153650   43592
153762   162677
153765   94585
154051   154053
154051   154056
154053   154051
154053   154055
154053   154056
154055   154051
154055   154053
154055   154056
154056   154051
154056   154053
154056   154055
154058   154059
154059   154058
154067   154069
154067   154070
154069   154067
154069   154070
154070   154067
154070   154069
154070   244806
154498   97206
154498   185252
154513   81417
154513   95760
154544   67129
154546   1898
154546   114179
154546   154549
154550   115838
154550   154551
154551   115838
154551   154550
154552   127400
154625   18970
154625   18971
154625   21352
154906   15278
155035   48873
155246   155250
155250   155246
155305   283885
155309   74222
155316   286046
155316   286047
155316   286048
155318   162384
155351   155353
155351   195776
155435   87652
155435   87656
155506   36422
155506   98711
155507   36422
155605   155606
155619   122855
156061   156064
156063   156061
156064   156061
156121   260082
156661   128517
156661   130955
156676   162390
156676   186879
156676   233643
156681   1278
156719   156721
156721   156719
156741   45656
156741   156742
156741   156744
156742   45656
156742   156741
156742   156744
156742   156746
156744   156741
156744   156742
156746   156741
156746   156742
156752   39906
157193   79556
157241   192596
157248   17401
157395   131138
157403   247059
157450   158147
157633   157629
157674   1278
157697   83567
157839   60871
158135   74555
158147   157450
158197   158198
158198   1608
158198   94078
158200   44908
158226   227393
158233   158235
158235   158233
159202   76903
159265   73762
159265   108167
159665   256138
159685   6653
159785   235499
159843   112417
160004   35300
160004   83157
160005   37288
160005   292964
160016   160017
160017   160016
160017   160018
160018   160017
160018   160019
160019   160018
160024   231720
160103   236892
160360   183401
160680   284454
161013   17303
161101   17897
161381   19694
161919   104456
161919   121103
162135   166829
162335   116672
162384   155318
162407   162408
162408   162407
162663   64742
162677   153762
163135   163137
163135   163138
163137   163135
163137   163138
163138   163135
163138   163137
163145   163144
163148   107649
163596   163597
163596   163598
163597   163596
163597   163598
163598   163596
163598   163597
163711   207125
163758   64763
163818   61427
163818   163820
163820   163818
163837   163838
163837   163839
163838   163837
163838   163839
163839   163837
163839   163838
163943   56744
163958   105471
164072   43596
164072   250522
164074   83446
164076   86133
164826   210354
164826   210357
164826   211107
164927   164928
164928   164927
164930   164931
164930   164933
164931   164930
164931   164933
164933   164930
164933   164931
164936   136516
164963   164964
164963   191030
164964   164963
164964   191030
165013   248714
165109   9427
165154   71442
165158   31800
165200   165201
165200   165202
165201   165200
165202   165200
165204   165206
165206   165204
165211   165213
165362   17827
165435   102750
165572   165576
165572   175623
165576   18825
165576   165572
165594   311535
165632   139050
165681   162311
165681   240647
165768   168220
165815   165816
165816   165815
165979   165981
166252   166574
166431   122664
166532   49589
166556   166557
166557   166556
166562   97199
166608   166609
166609   166608
166618   30122
166618   30123
166621   140202
166621   239007
166624   194273
166625   166626
166626   166625
166701   166705
166705   166701
166829   162135
167062   262497
167459   167461
167461   167459
167539   167540
167539   167541
167539   167542
167539   167543
167539   167545
167540   167539
167540   167541
167540   167542
167540   167543
167540   167545
167541   167539
167541   167540
167541   167542
167541   167543
167541   167545
167542   167539
167542   167540
167542   167541
167542   167543
167542   167545
167543   167539
167543   167540
167543   167541
167543   167542
167543   167545
167545   167539
167545   167540
167545   167541
167545   167543
167547   167548
167547   167551
167551   167547
167551   167548
167551   167553
167553   167548
167553   167551
167558   56585
167603   64740
167606   167607
167607   167606
167608   13684
167611   182974
167630   151461
167892   54407
168127   52504
168127   145324
168176   108248
168220   165768
168870   64772
168870   152886
168870   262498
169219   1277
169226   253996
169250   169252
169252   169250
169292   139362
169349   228260
169709   215209
169720   82587
169766   108213
170056   17662
170210   170212
170210   170213
170212   170210
170213   170210
170213   170215
170215   170213
170216   170217
170217   170216
170231   158
170231   170232
170231   170233
170232   158
170232   170231
170301   170304
170304   170301
170758   33432
170758   107749
170762   170761
170814   127578
170825   170828
170828   170825
170829   117927
170831   14386
170848   85587
170895   193298
171022   176897
171046   63850
171261   135691
171354   88227
171625   84999
171720   130641
171720   130642
171852   211120
171852   256168
171863   34843
171884   69066
171940   171941
171940   171943
171940   171944
171940   171946
171940   196938
171941   171940
171941   171943
171941   171944
171941   171946
171941   196938
171943   171940
171943   171941
171943   171944
171943   171946
171944   171940
171944   171941
171944   171943
171944   171946
171946   171940
171946   171941
171946   171943
171946   171944
171946   196938
171948   171947
171961   108776
171964   89540
171964   171965
171964   171968
171965   89540
171965   171964
171965   171968
171968   89540
171968   171964
171968   171965
171970   184204
172190   172193
172193   172190
172366   172367
172366   172369
172367   172366
172367   172369
172369   172366
172369   172367
172379   102632
172379   102634
172379   172383
172383   102634
172495   135983
172495   172496
172495   172497
172496   135983
172496   172495
172496   172497
172497   135983
172497   172495
172497   172496
172498   172500
172498   240108
172500   172498
172706   245895
172797   1278
172942   172943
172943   172942
173199   19588
173199   265789
173199   265790
173199   265791
173349   46876
173446   173454
173454   173446
173876   137526
173876   137527
174118   103778
174119   71406
174119   174120
174119   174121
174120   71406
174120   174119
174120   174121
174121   71406
174121   174119
174121   174120
174123   174124
174124   174123
174128   174129
174129   174128
174129   174131
174131   174128
174131   174129
174302   174303
174303   174302
174352   145679
174817   65712
174817   174819
174820   43059
174820   66752
174855   174856
174855   174858
174856   174855
174856   174858
174856   174860
174856   285799
174858   174855
174858   174856
174858   174859
174859   174858
174860   174856
175097   243904
175104   232023
175112   139362
175156   25172
175156   202246
175380   24031
175421   9272
175623   119477
175623   165572
175896   106670
175896   228326
175897   106670
175898   144206
175898   254169
175899   175900
175900   175899
175911   175913
175911   175914
175913   175911
175913   175914
175914   82511
175914   175911
175914   175913
175916   175917
175917   175916
176550   124982
176602   176604
176602   176605
176604   176602
176604   176605
176605   176602
176605   176604
176893   85546
176897   171022
176900   61372
176902   151906
176902   176904
176904   151906
176904   176902
176906   151906
176906   176902
176907   176908
176909   176910
176909   199144
176910   176909
176911   176913
177005   31867
177093   177097
177097   177093
177123   177124
177124   177123
177128   31800
177130   245348
177132   177133
177133   4740
177267   177268
177268   177267
177268   222923
177373   177375
177375   177373
177863   240403
178041   134298
178212   40591
178219   105975
178251   61789
178314   135368
178333   514
178774   158226
179053   179055
179055   179053
179108   65712
179108   178263
179295   61792
179363   64685
179509   85274
179696   89492
179696   89495
179696   103782
179696   103783
179696   103784
179922   264745
179995   55965
180005   118638
180180   46876
180180   180181
180181   46876
180181   180180
180270   180273
180273   180270
180401   66838
180634   110570
180643   176602
180648   140284
180655   180656
180656   180655
180963   71277
180963   191032
181130   127349
181132   181134
181134   181132
181241   122059
181362   181363
181420   127836
181972   41530
182444   187764
182900   83446
182970   117339
182974   167611
182976   36689
183258   24580
183258   110143
183259   80853
183261   183263
183261   183266
183263   183261
183263   183266
183266   183261
183266   183263
183267   183261
183277   185268
183397   201020
183398   183399
183399   183398
183401   160360
183658   100965
183658   117843
183658   117845
183720   252240
183722   183723
183722   183726
183723   183722
183723   183726
183723   183727
183726   183722
183727   183723
183727   183726
183770   183772
183772   183770
184030   285809
184201   184202
184204   171970
184312   24047
184382   83871
184430   184433
184433   184430
184570   147230
185085   185084
185085   185087
185085   282741
185087   185084
185087   185085
185087   282741
185091   193460
185093   66243
185095   66243
185139   152
185144   100411
185248   85546
185248   185249
185249   21
185249   185248
185252   154498
185254   94070
185254   94072
185261   151763
185261   185262
185261   196683
185262   151763
185262   185261
185262   196682
185262   196683
185265   185266
185265   185268
185266   185265
185266   185268
185268   183277
185268   185265
185268   185266
185272   185273
185272   185275
185273   185272
185273   185275
185275   185272
185275   185273
185477   115250
185755   196339
185801   220855
185946   149811
185952   56839
186238   186235
186567   44913
186567   186569
186569   44913
186569   186567
186845   159122
186845   192571
186846   118597
186850   186851
186851   186850
186853   213408
186890   186892
186891   186892
186892   186890
186892   186891
186902   186904
186904   186902
186942   85590
186942   140202
187040   44524
187185   191110
187185   191112
187185   191113
187208   283924
187304   211
187430   124514
187764   182444
188039   119344
188177   188178
188178   188177
188464   33202
188553   238139
188553   238140
188575   188580
188580   188575
188964   87453
188975   188977
188977   188975
188978   188979
188978   188980
188978   188981
188979   188978
188979   188980
188980   188978
188980   188979
188981   188978
188981   188979
189082   7947
189130   119572
189316   5780
189405   272610
189896   128338
190192   202291
190255   20181
190255   152642
190561   202190
190561   202191
190587   281034
190767   112380
190786   190787
190787   190786
190793   52881
190793   149883
190809   140282
190809   190810
190810   140282
190810   190809
191030   164963
191030   164964
191032   20616
191032   191033
191033   14939
191033   191032
191036   133852
191075   191076
191076   191075
191099   191100
191099   191102
191099   191104
191100   191099
191100   191102
191100   191104
191102   191099
191102   191100
191104   191099
191104   191100
191110   187185
191110   191112
191110   191113
191112   187185
191112   191110
191112   191113
191113   187185
191113   191110
191113   191112
191141   191142
191142   191141
191395   242143
191667   18032
191670   33206
191670   141504
191891   6255
192571   186845
192683   7947
192985   54394
193141   193142
193141   193144
193142   193141
193142   193144
193144   193141
193144   193142
193192   34917
193234   61246
193277   294638
193298   170895
193460   185091
193474   67129
193474   113577
193474   154544
193475   193477
193475   193478
193477   193475
193477   193478
193478   193475
193478   193477
193481   147090
193487   193489
193489   193487
193601   31246
193630   14939
193639   15564
193639   261711
193673   115474
193743   218939
194213   10731
194213   194215
194215   10731
194215   194213
194236   158
194265   204177
194273   166624
194278   194281
194278   194285
194281   194278
194281   194285
194285   194278
194285   194281
194355   62070
194379   308589
194466   145151
194495   194496
194496   194495
194500   194503
194500   194504
194503   194500
194504   194500
194984   97568
195122   260141
195309   171939
195311   195312
195311   195313
195311   195314
195311   195315
195312   195311
195312   195314
195312   195315
195313   195311
195313   195312
195313   195314
195313   195315
195314   195311
195314   195312
195314   195315
195315   195311
195315   195312
195315   195313
195315   195314
195322   1277
195589   114175
195775   155351
195775   155353
195775   195776
195776   155351
195776   195775
195785   151755
195787   151755
195788   195789
195789   134276
195791   195792
195792   195791
195793   61438
195805   50329
195953   221057
196143   212220
196681   196682
196681   196683
196682   151763
196682   185262
196682   196681
196682   196683
196683   151763
196683   185261
196683   196681
196683   196682
196684   196686
196684   196688
196684   196689
196686   196684
196686   196688
196686   196689
196688   196684
196688   196686
196688   196689
196688   196690
196689   196684
196689   196686
196690   196684
196690   196686
196690   196688
196692   108248
196693   108248
196695   159871
196773   196774
196774   196773
196938   171940
196938   171941
196938   171943
196938   171946
197034   97568
197034   194984
197034   203360
197878   197879
197879   197878
197960   141422
198382   208372
198382   208373
198382   208375
198388   119476
198393   123310
199072   199073
199072   199075
199073   199072
199073   199074
199073   199075
199074   199073
199075   199072
199075   199073
199080   70904
199082   199083
199083   199082
199097   199099
199097   199100
199099   199097
199099   199100
199100   199097
199135   199138
199135   199139
199138   199135
199138   199139
199139   199135
199139   199138
199602   46007
199819   273943
199840   229515
199877   9273
199951   101034
199954   234798
200259   112828
200399   27729
200650   200653
200653   200650
200991   4027
200992   97792
201007   82583
201007   201008
201008   312
201008   82583
201008   201007
201009   47195
201009   82581
201009   82583
201011   201014
201014   201011
201020   183397
201185   219357
201483   31751
201564   201565
201565   201564
202116   139066
202140   243651
202190   190561
202190   202191
202190   202195
202191   190561
202191   202190
202191   202195
202195   202190
202195   202191
202200   202202
202202   202200
202226   36332
202234   202235
202234   219611
202235   202234
202235   219611
202246   175156
202291   190192
203262   35300
203357   1049
203360   97568
203360   194984
203360   197034
203366   203368
203368   203366
203533   110570
203533   203536
203535   110570
203535   180634
203536   110570
203536   180634
203962   9262
204041   204042
204041   204043
204042   204041
204042   204043
204043   204041
204043   204042
204115   87448
204177   194265
204295   151010
204887   40366
205128   7594
205617   205625
205625   205617
205626   205617
205894   205896
205896   88894
205929   144232
205929   205933
205929   317332
205933   205929
206421   145425
206421   206424
206424   145425
206424   206421
206797   206798
206798   206797
206870   105482
206870   105483
207125   223897
207128   25906
207128   60884
207146   260731
207241   21
207283   216082
207285   207283
207285   216082
207292   49394
207299   207301
207301   207303
207301   270892
207303   207301
207317   196695
207354   207356
207356   207354
207490   30380
207831   62046
208035   142841
208123   97754
208123   97756
208123   127166
208123   127168
208123   130631
208254   54926
208344   208585
208372   114227
208372   208375
208373   198382
208373   208372
208375   198382
208375   208372
208376   208377
208377   208376
208382   208385
208382   208386
208382   208387
208382   208388
208385   208382
208385   208386
208385   208387
208386   208382
208386   208385
208386   208387
208387   208385
208387   208386
208387   208388
208388   208387
208388   224119
208434   4119
208434   93492
208434   208435
208435   93492
208435   208434
208585   208344
208586   208587
208587   208586
208603   241613
208629   241510
208659   219834
208685   1278
208828   208829
208829   208828
208831   51299
209069   264836
209114   103421
209427   118778
209438   21
209585   17662
209666   1278
209668   209667
209673   209674
209674   209673
209684   111979
209692   209690
209694   209693
209731   175899
209731   175900
210311   210313
210313   210311
210354   164826
210354   210357
210354   211107
210357   164826
210357   210354
210357   211107
210406   18996
210449   244647
210878   242101
210910   210911
210910   210912
210910   210914
210911   210910
210911   210914
210912   210910
210912   210911
210912   210914
210914   210910
210914   210911
210914   210912
210916   211341
210923   36027
210923   210924
210924   36027
210924   210923
210925   12389
210927   97147
210927   273248
210927   273249
210927   273250
210927   273251
210927   273253
210930   85275
211107   164826
211107   210354
211107   210357
211110   113687
211120   171852
211120   256168
211239   1927
211341   210916
211993   97130
211996   24035
211996   44454
212000   212001
212001   212000
212005   212007
212005   236053
212006   327808
212007   212005
212007   236050
212007   236053
212007   236054
212150   212151
212151   212150
212220   196143
212270   218814
213042   7947
213042   10078
213138   213140
213138   213142
213140   213138
213140   213141
213141   213140
213142   213138
213143   213145
213143   213147
213145   213143
213147   213143
213154   209666
213329   137481
213336   62046
213336   213337
213336   257360
213337   62046
213337   213336
213337   257360
213408   186853
213443   73210
213445   213446
213446   213445
213485   121381
213606   87449
213606   213611
213611   213606
213613   33160
213631   247524
213920   150368
213926   152236
213926   220263
214003   134395
214161   77864
214555   102907
214807   44458
214807   247220
214912   214913
214912   214915
214913   214915
214915   214912
214915   214913
214962   264350
214965   214966
214966   214965
214966   214967
214967   214966
215076   86946
215192   186235
215193   215195
215195   215193
215209   169709
215364   4537
215366   38497
215373   56839
215373   215374
215374   215373
215379   167545
215379   215381
215381   167541
215381   215379
215384   52347
215420   36380
215421   177282
215443   215445
215485   158679
215486   158679
215545   100368
215593   95717
215605   215607
215607   215605
215635   280203
216067   124994
216068   216069
216068   216070
216068   216071
216068   216072
216069   216068
216069   216070
216069   216071
216069   216072
216070   216068
216070   216069
216070   216071
216070   216072
216071   216068
216071   216069
216071   216070
216071   216072
216072   216068
216072   216069
216072   216070
216072   216071
216075   2687
216075   216076
216076   211
216076   216075
216082   207283
216082   207285
216085   161664
216155   144897
216159   33189
216159   33191
216159   33192
216237   216238
216238   216237
216249   83382
216249   231772
216250   83382
216251   216252
216254   10012
216254   272873
216255   56744
216441   185278
216462   58687
216604   1277
216683   514
216683   1684
216683   217531
216683   217532
216683   217533
216685   53598
216689   216690
216690   216689
216734   151755
217158   44514
217158   217538
217525   217526
217526   217525
217529   123271
217531   1684
217531   122246
217531   216683
217531   217532
217532   13944
217532   122246
217532   216683
217532   217531
217532   217533
217533   514
217533   515
217533   1684
217533   216683
217533   217532
217538   217158
217544   41053
217588   217590
217588   217591
217590   217588
217590   217591
217591   217588
217591   217590
217662   47068
217662   47071
217682   60127
218281   295527
218397   218398
218398   218397
218639   26140
218676   218677
218677   218676
218836   185091
218916   123123
218937   150256
218939   193743
218941   218942
218942   218941
219608   219609
219609   219608
219611   202235
219715   219718
219718   219715
219720   127313
219773   219776
219776   219773
219779   188180
219780   188180
219780   219779
219815   219816
219816   219815
219834   208659
219839   219840
219840   219839
219844   126159
220225   221752
220263   152236
220263   213926
220275   36404
220425   246004
220425   246006
220569   233170
220855   185801
221030   112712
221077   221079
221079   236066
221488   241643
221752   96877
221752   220225
222818   222819
222819   222818
222857   47068
222857   47071
222923   177267
222923   177268
223143   186847
223531   89692
223684   262411
223684   328179
223893   126431
223897   207125
223903   223904
223904   223903
223908   223909
223908   223911
223908   223912
223908   227386
223909   223908
223909   223911
223909   223912
223911   223908
223911   223909
223911   223912
223912   223908
223912   223909
223912   223911
223958   263911
224119   208388
224119   224121
224121   208388
224121   224119
224705   87453
224718   214375
224720   25167
224931   224932
224932   224931
224932   263916
224942   224943
224943   224942
224944   144506
224944   224945
224945   144506
224945   224944
224948   224944
224948   224945
225072   24460
225417   225418
225417   225419
225418   225417
225418   225419
225419   225417
225517   89460
225666   35300
225671   39844
225728   49394
225769   209682
225949   225951
225951   225949
226001   110570
226001   270304
226039   276530
226039   276531
226039   276532
226039   276533
226056   9274
226103   226104
226104   119580
226104   226103
226106   226108
226108   226106
226164   1684
226164   1687
226738   226740
226738   226742
226738   226743
226740   226738
226740   226742
226740   226743
226742   226738
226742   226740
226742   226743
226743   226738
226743   226740
226743   226742
227256   91019
227386   223908
227388   223909
227388   223911
227393   158226
227436   227437
227436   227438
227436   227439
227437   227436
227437   227440
227438   227436
227438   227437
227438   227439
227438   227440
227439   227436
227439   227437
227439   227438
227439   227440
227440   227436
227440   227437
227440   227438
227440   227439
227442   100059
227574   87455
227767   143311
227767   261361
227768   20109
227779   116672
227782   122664
228219   114311
228260   169349
228326   175896
228344   145648
228455   31846
228476   21351
228476   61789
228490   228492
228838   228840
228840   228838
229131   127832
229496   20056
229515   199840
229524   211706
229548   239179
230029   230031
230031   230029
230201   230202
230202   230201
230239   230241
230241   230239
231106   82780
231106   105466
231274   50181
231276   126159
231276   133861
231520   231519
231520   231522
231522   231520
231525   231524
231527   231524
231717   231718
231720   160024
231723   14402
231748   50329
231748   134272
231772   83382
231772   216249
231838   6821
232018   232021
232021   232018
232023   175104
232036   256572
232036   256574
232080   232082
232082   232080
232086   256280
232358   127112
232757   237262
233076   233078
233078   233076
233170   257408
233209   69747
233230   122060
233230   122062
233260   60869
233266   233267
233267   233266
233493   129181
233639   25735
233639   233641
233641   233639
233642   233639
233643   156676
233643   186879
234335   127579
234481   73577
234485   97816
234558   234559
234559   234558
234798   199954
234845   73071
234849   194736
234849   281453
235006   235005
235297   147763
235329   235331
235331   24037
235331   235329
235332   235334
235334   235332
235335   235337
235335   264883
235336   235335
235336   235337
235337   235335
235337   235336
235338   235335
235464   154838
235499   159785
235878   81465
236026   236032
236032   236033
236033   236032
236050   212005
236050   212007
236050   236054
236053   212005
236053   212007
236053   236050
236054   212007
236054   236050
236066   221079
236159   125914
236160   125914
236255   45656
236255   85587
236504   262484
236702   139747
236866   95723
236892   160103
237262   232757
237733   180963
237741   163610
237753   67554
237759   237761
237761   237759
237844   237845
237845   237844
237849   141192
237857   237858
237857   237859
237858   237857
237858   237859
237859   237857
237859   237858
238098   238099
238099   238098
238102   5133
238139   188553
238139   238140
238140   188553
238140   238139
238143   238144
238408   24032
238414   238415
238415   238414
238580   238581
238580   238582
238581   238580
238589   101715
238590   166252
238592   15098
238601   186245
238617   246006
238754   142845
238900   248590
239179   229548
239220   103778
239368   249386
239375   239374
239409   147230
239410   239411
239411   239410
239425   239429
239429   239431
239429   248335
239431   239429
239448   239449
239449   239448
239449   239451
239545   239546
239545   239547
239546   239545
239546   239547
239547   239545
239547   239546
239551   195312
239551   195314
239554   239556
239556   239554
240087   269214
240088   54437
240088   262428
240089   240090
240090   240089
240094   257089
240108   55361
240110   240112
240112   240110
240155   165312
240198   32685
240201   240202
240202   240201
240249   225420
240421   240423
240423   240421
240430   240431
240431   240430
240434   43059
240434   76878
240435   4537
240436   262806
240508   270971
240647   165681
241179   241180
241180   241179
241183   134035
241183   177268
241193   36027
241196   118640
241488   4537
241490   33354
241553   241552
241553   262813
241554   241552
241613   208603
241613   241610
241643   221488
241791   177132
242101   210878
242260   242262
242262   242260
242264   242265
242622   49186
242693   215593
242986   112956
243615   252528
243781   171321
243904   175097
243907   243909
243907   253714
243909   243907
243943   243945
243944   243945
243944   243947
243945   243944
243945   243947
243947   243944
243947   243945
243948   243949
243949   243948
243953   243951
243955   243951
243958   243951
244647   210449
244748   244749
244749   244748
244770   14385
244770   244772
244772   14385
244772   244770
244789   244790
244790   244789
244790   302882
244795   43776
244803   244804
244804   244803
244806   154070
245279   25167
245348   177130
245368   213490
245759   161755
245759   245761
245762   245763
245772   81095
245824   133801
245824   136839
245895   172706
245996   245998
245998   245996
246001   246003
246001   273267
246003   246001
246004   220425
246004   246006
246006   238617
246068   127120
246068   127122
246069   246070
246070   246069
246077   246078
246078   246077
246352   253717
247059   157403
247064   247066
247066   247064
247067   280473
247073   186245
247124   133852
247126   137588
247137   174129
247205   4537
247219   30329
247220   214807
247221   247222
247222   247221
247380   118554
247520   231524
247524   213631
248051   9279
248213   164311
248335   239429
248468   229533
248468   236636
248608   257826
248696   35864
248706   248707
248707   248706
248714   165013
248782   17303
249382   249386
249386   239368
249386   249382
249572   95502
249644   321465
249699   249700
249700   249699
250039   142468
250126   250129
250129   250126
250205   211995
250219   250220
250220   250219
250221   250219
250506   100410
250506   100411
250522   164072
250587   119344
250590   44915
250715   129189
250755   1278
250756   1278
250757   55622
250865   205929
250865   205933
250896   250897
250897   250896
250897   276726
251503   138503
251526   267586
251566   251569
251571   59026
251571   96590
251573   50480
251582   251584
251584   251582
251585   36499
251586   68383
251780   25172
252041   183261
252131   186847
252197   151763
252197   185261
252197   185262
252197   196682
252197   196683
252199   252200
252200   252199
252224   109209
252224   252225
252224   252227
252225   252224
252225   252227
252225   252228
252227   109209
252227   252224
252227   252225
252227   252228
252228   109209
252228   252224
252228   252225
252228   252227
252240   183720
252246   6653
252246   85121
252487   264458
252523   173199
252528   243615
252718   106804
253117   253121
253117   253122
253121   253117
253121   253122
253122   253117
253122   253121
253123   137583
253124   253125
253125   82043
253125   253124
253128   253129
253129   253128
253134   253136
253136   253134
253143   253144
253143   253146
253143   253148
253144   253143
253144   253146
253144   253148
253146   253143
253146   253144
253146   253148
253148   253143
253148   253144
253148   253146
253313   134451
253313   163610
253461   216669
253612   135686
253627   188978
253627   188980
253714   243907
253943   253944
253944   87448
253944   253943
253991   261598
253996   169226
254116   281130
254116   281131
254130   254131
254131   254130
254169   175898
254272   92825
254564   118587
254905   277472
254964   254968
254968   254964
255934   273943
255948   266790
255983   185678
255991   144899
255997   332741
256030   265733
256168   171852
256168   211120
256168   268829
256280   232086
256283   82778
256329   321841
256340   223544
256572   232036
256572   256573
256572   256574
256573   232036
256573   256572
256573   256574
256574   232036
256574   256572
256574   256573
256576   109218
256648   256649
256648   256651
256649   140187
256649   256648
256649   256651
256651   140187
256651   256648
256651   256649
256656   256657
256657   256656
256660   213490
256688   106154
256862   256863
256863   95749
257241   267908
257360   62046
257360   213336
257360   213337
257374   216111
257397   257403
257403   257397
257408   233170
257457   259690
257826   119344
258002   4675
258073   119344
258226   258229
258229   258226
258266   357974
258474   82458
259291   259292
259292   259291
259690   257457
259819   261594
260016   260018
260018   260016
260041   188434
260061   185265
260078   89498
260082   69106
260082   156121
260084   281550
260143   190614
260373   171951
260619   260620
260620   260619
260645   247061
260648   122059
260655   261599
260655   261600
260655   261602
260657   183726
260731   207146
260810   260812
260812   260810
260816   145575
260969   260971
260969   260972
260971   260969
260971   260972
260972   260969
260972   260971
260975   219357
260982   260981
260985   158
260985   260986
260986   260985
261225   166282
261352   261354
261354   261352
261357   261358
261358   261357
261361   227767
261364   140286
261393   5133
261583   89460
261583   261584
261584   261583
261594   259819
261598   253991
261599   260655
261599   261600
261599   261602
261600   260655
261600   261599
261600   261603
261602   260655
261602   261599
261603   261599
261603   261600
261649   261652
261649   261653
261652   261649
261653   261649
261653   261652
261665   261664
261711   15564
261711   193639
261871   261872
261871   261873
261872   261871
261872   261873
261873   261871
261873   261872
261956   249382
261999   18970
262414   96553
262422   24187
262422   262423
262423   24187
262423   262422
262428   240088
262477   151644
262483   262484
262487   122244
262488   262489
262489   262488
262492   262489
262497   167062
262498   64772
262498   152886
262498   168870
262508   142736
262776   262779
262776   262781
262779   262776
262779   262781
262781   262776
262781   262779
262782   186851
262785   121132
262806   240436
262810   262808
262811   268289
262813   241553
262816   262817
262817   262816
262820   262826
262822   262820
262822   262827
262826   262820
262826   326972
262827   262820
262827   262822
262827   262826
262842   262843
262843   262842
262843   352563
263529   123310
263529   198393
263663   269633
263668   263669
263669   263668
263895   271584
263907   263908
263907   263909
263907   263910
263908   263907
263908   263909
263908   263910
263909   263907
263909   263908
263909   263910
263910   263907
263910   263908
263910   263909
263916   94239
263916   224932
263917   293034
263919   243914
263920   243914
264003   264004
264003   279457
264004   264003
264350   214962
264523   24412
264695   264697
264697   264695
264726   264727
264727   264726
264730   95754
264731   264732
264731   264733
264732   264731
264732   264733
264733   264731
264733   264732
264745   179922
264749   79766
264751   101404
264770   44454
264771   264772
264772   264771
264836   209069
264883   235335
265046   282291
265364   114177
265364   114179
265500   18971
265524   234558
265524   338074
265565   227715
265628   168101
265733   256030
265789   173199
265789   265790
265789   265791
265790   173199
265790   265789
265790   265791
265791   143730
265791   173199
265791   265789
265791   265790
265794   109839
265796   32579
265805   12289
265807   265809
265807   265811
265807   265812
265807   265813
265807   265814
265809   265807
265809   265811
265809   265812
265809   265814
265811   265807
265811   265809
265811   265812
265811   265813
265811   265814
265812   265807
265812   265809
265812   265811
265812   265813
265812   265814
265813   265807
265813   265809
265813   265811
265813   265812
265813   265814
265814   265807
265814   265809
265814   265811
265814   265812
265814   265813
265817   265818
265817   265819
265818   265817
265818   265819
265819   265817
265819   265818
265823   137838
265824   14393
265824   265825
265922   2687
267359   244492
267586   251526
267885   345998
267894   267896
267896   267894
267908   257241
268130   268132
268132   268130
268135   514
268141   217068
268171   268173
268173   268171
268173   268174
268174   268171
268174   268173
268289   262811
268334   14503
268380   38989
268577   12880
268599   268600
268600   125490
268600   268599
268829   171852
268829   256168
269014   6085
269204   269206
269206   269204
269214   240087
269258   22567
269323   74127
269324   273931
269327   269328
269327   269332
269327   269334
269328   269327
269328   269330
269328   269332
269328   269334
269328   269336
269330   269328
269330   269332
269330   269334
269330   269336
269332   269336
269334   269328
269334   269330
269334   269332
269336   269332
269631   192571
269633   114921
269633   263663
269687   224519
270222   4537
270304   226001
270306   270307
270307   270309
270309   270307
270440   243951
270458   25167
270537   47068
270541   158
270766   273125
270892   207301
270897   270898
270898   270897
270903   120440
270904   270905
270905   270904
270909   32579
270913   148345
270979   280353
271027   3853
271163   271162
271166   271168
271168   271166
271173   14503
271269   58360
271504   271505
271505   271504
271510   271513
271510   271514
271510   271515
271512   271514
271512   271516
271513   271510
271513   271514
271513   271515
271514   271510
271514   271512
271514   271513
271515   271510
271515   271513
271516   271512
271517   271519
271517   271523
271518   271519
271518   271522
271518   271523
271519   271518
271520   271517
271521   271518
271521   276603
271522   271518
271522   276603
271522   276606
271523   3112
271523   271517
271523   271518
271526   225889
271526   271527
271527   271526
271528   271529
271528   271530
271529   271528
271529   271530
271530   271528
271530   271529
271541   271542
271542   271541
271546   191395
271584   263895
271585   9899
271586   182214
271614   39533
271614   271618
271618   271614
271620   271621
271621   271620
271625   311602
271785   349207
271806   186891
271808   89542
271810   24047
271814   95250
271815   1631
271815   271816
271816   271815
271820   16652
271890   338040
271953   31590
271953   289924
272011   1278
272064   272065
272064   272069
272065   272064
272065   272069
272069   272064
272069   272065
272075   51022
272075   93363
272315   134204
272468   54534
272797   142770
272797   145780
272838   272839
272839   272838
272873   216254
272883   233216
273004   289378
273004   289379
273004   289380
273125   270766
273127   25735
273127   293766
273129   273131
273131   273129
273207   119575
273217   261315
273248   97147
273248   210927
273248   273249
273248   273251
273248   273253
273249   97147
273249   210927
273249   273248
273249   273250
273249   273251
273250   97147
273250   210927
273250   273248
273250   273253
273250   338599
273251   97147
273251   210927
273251   273248
273251   273249
273251   273250
273253   97147
273253   210927
273253   273248
273253   273250
273253   338599
273257   61427
273257   273259
273257   273260
273259   273257
273260   273257
273264   273265
273265   273264
273267   246001
273273   194285
273926   8324
273932   171940
273932   171941
273932   171946
273932   196938
273935   138789
273940   117297
273943   199819
273950   273953
273953   273950
274180   274183
274180   274185
274183   274180
274183   274185
274183   274186
274185   274180
274185   274183
274185   274186
274186   274180
274186   274183
274186   274185
274725   18961
274725   65712
274728   12389
274728   274729
274729   274728
274731   274732
274731   274735
274732   274731
274732   274735
274735   274731
274735   274732
274738   109397
274740   274741
274741   114227
274741   274740
274744   274745
274744   274746
274744   274747
274744   274748
274745   274744
274745   274746
274745   274747
274745   274748
274746   274744
274746   274745
274746   274747
274746   274748
274746   274750
274747   274744
274747   274745
274747   274746
274747   274748
274748   274744
274748   274745
274748   274746
274748   274747
274748   274750
274750   274745
274750   274746
274750   274748
274808   274809
274809   274808
274810   209666
274880   280562
274966   20056
274980   223251
275057   66261
275109   4740
275109   7705
275312   242143
275772   156613
275894   44518
276168   61358
276473   4766
276530   226039
276530   276531
276530   276532
276530   276533
276531   226039
276531   276530
276531   276532
276531   276533
276532   226039
276532   276530
276532   276531
276532   276533
276533   226039
276533   276530
276533   276531
276533   276532
276599   276600
276600   276599
276602   208395
276603   271521
276603   271522
276603   271523
276662   276663
276663   114152
276663   276662
276670   18189
276671   158
276673   276674
276674   276673
276695   276696
276695   276700
276696   276695
276696   276700
276698   276699
276716   276717
276717   276716
276726   250897
276818   179
277217   16652
277409   174303
277410   196339
277412   277416
277416   277412
277472   254905
277577   197825
278492   278494
278494   278492
278502   124121
278543   278544
278544   278543
278655   278656
278656   278655
278894   278891
278953   24032
278953   238408
278998   171962
279457   264003
279632   54450
279802   347036
279950   117975
280348   280349
280353   270979
280399   30124
280473   247067
280493   175943
280495   22274
280559   1278
280562   274880
280569   159871
280574   285184
280921   280920
280926   81580
280934   280935
280934   280936
280935   280934
280935   280936
280936   280934
280936   280935
281034   190587
281097   281098
281098   281097
281100   281101
281101   281100
281130   254116
281130   281131
281131   254116
281131   281130
281136   170798
281136   281139
281137   281138
281137   281140
281138   281136
281138   281137
281138   281139
281139   281136
281139   281138
281140   281137
281144   281143
281147   286611
281219   235145
281446   280930
281453   234849
281477   105480
281477   281480
281480   105480
281480   281477
281550   260084
282148   32579
282230   214384
282291   144232
282291   312921
282458   155616
282741   185084
282741   185085
282741   185087
283360   87327
283885   155305
283924   44109
283924   187208
283950   38497
284020   170758
284454   160680
284460   9268
284460   39760
284461   284463
284461   284465
284463   284461
284463   284465
284465   284461
284465   284463
284465   284467
284467   284461
284467   284465
285054   31846
285061   285062
285062   285061
285063   89250
285063   285064
285063   285065
285063   285066
285064   285063
285064   285065
285064   285066
285065   89250
285065   285063
285065   285064
285065   285066
285066   285063
285066   285064
285066   285065
285073   346966
285184   280574
285358   285359
285358   285360
285359   285360
285360   285358
285360   285359
285377   285378
285377   285379
285378   285377
285378   285379
285379   285377
285379   285378
285385   285388
285389   285388
285390   9262
285548   186891
285763   358048
285789   285790
285789   285792
285789   285793
285789   285794
285789   285795
285789   285796
285790   285789
285790   285792
285790   285793
285790   285794
285790   285795
285790   285796
285792   285789
285792   285790
285792   285793
285792   285794
285792   285795
285792   285796
285793   285789
285793   285790
285793   285792
285793   285794
285793   285795
285793   285796
285794   285789
285794   285790
285794   285792
285794   285793
285794   285795
285794   285796
285795   285789
285795   285790
285795   285792
285795   285793
285795   285794
285795   285796
285796   285789
285796   285790
285796   285792
285796   285793
285796   285794
285796   285795
285802   285804
285804   285802
285811   285814
285814   285811
285841   96978
285887   188376
286030   22717
286030   322805
286032   145582
286034   170116
286035   152111
286042   127114
286043   127114
286046   155316
286047   102817
286047   155316
286048   155316
286049   151881
286051   240020
286052   199954
286054   199954
286054   286052
286061   169250
286062   286063
286063   286062
286065   286066
286066   286065
286611   281147
286748   177133
286750   286751
286751   286750
287195   1278
287237   47071
289225   322925
289378   273004
289378   289380
289379   273004
289380   273004
289380   289378
289381   241643
290189   239747
290191   228597
290195   290196
290195   290199
290196   290195
290196   290199
290197   290195
290199   290195
290199   290196
290248   290250
290250   290248
290252   140290
290554   118587
290944   32762
291584   21
292964   160005
293007   185084
293766   115060
293774   82587
293875   31800
293883   293884
293884   293883
293913   286049
293913   293914
293914   151881
293914   293913
294147   260812
294149   294151
294151   294149
294638   193277
295304   122850
295425   215022
295427   295428
295427   295433
295428   295427
295433   295427
295433   295428
295527   218281
295963   345035
296745   296744
297383   93986
297679   297681
297681   690
297681   297679
297681   297685
297687   143564
299235   137384
299724   158784
299784   227782
301007   301009
301007   301010
301009   301007
301009   301010
301010   301007
301010   301009
301012   301007
301012   301009
301012   301010
301355   330472
302882   244789
302882   244790
304581   304582
304582   304581
304588   304587
304590   89540
304590   304591
304591   89540
304591   304590
304592   304595
304595   304592
304668   17098
304840   304841
305912   44460
308589   194379
308851   233275
310370   73071
310963   134752
311120   311121
311121   311120
311126   142883
311127   142883
311127   311126
311535   165594
312921   282291
312921   312922
312921   312925
312922   312921
312922   312925
312925   312921
312925   312922
312935   38497
312958   89498
313116   322937
313116   322938
313269   127851
313896   313897
313897   313896
313952   313954
313952   313955
313954   313952
313954   313955
313955   313954
313956   313955
316398   47404
316538   369701
317183   317184
317184   317183
317332   205929
317479   36422
317483   104198
317485   317486
317486   317485
317530   317532
317532   317530
318594   165788
318703   17303
318832   75856
319828   301281
320551   320554
320554   320551
321465   249644
321841   18969
321841   109819
321841   256329
322506   6085
322805   286030
322925   289225
322927   322928
322937   313116
322938   313116
322944   8248
324383   86121
324390   97208
324849   333915
325512   40591
326493   185755
326493   196779
326805   76891
326972   262826
326980   326982
326980   326984
326980   326986
326980   326987
326982   326980
326982   326984
326982   326985
326982   326986
326982   326987
326984   326982
326984   326986
326984   326987
326985   326982
326985   326986
326985   326987
326986   326982
326986   326984
326986   326985
326986   326987
326987   326982
326987   326984
326987   326986
326989   326991
326991   326989
327435   220319
327612   286062
327612   286063
327690   327691
327691   327690
327694   240250
327698   157629
328138   4007
328179   223684
328235   69344
328417   127166
328787   166626
328787   328788
328788   166626
328788   328787
328790   328791
328791   328790
331315   9990
331913   331915
331913   331916
331916   331913
331916   331915
332329   357415
332383   221628
332741   255997
333180   9250
333195   170232
333202   333203
333202   333204
333202   333205
333202   333206
333203   333202
333203   333204
333203   333205
333203   333206
333204   333202
333204   333203
333205   333202
333205   333203
333206   333202
333206   333203
334635   334636
334636   334635
334705   338571
334709   334705
335509   21349
335509   250755
335757   285684
336710   241643
336933   376405
336944   308
336944   4119
336947   336948
336948   336947
336950   219505
336950   336951
336951   336950
337436   63835
337481   110154
337507   337511
337511   337507
338005   247075
338005   338006
338006   247075
338006   267314
338006   338005
338040   271890
338074   265524
338150   158
338571   334705
338581   118648
338597   6294
338599   97147
338599   273250
338599   273253
339345   26026
339783   18766
340307   340308
340308   340307
340750   241883
341035   341041
341041   341035
341054   72900
341139   158
341458   112417
341869   341867
341869   341870
341870   341867
341870   341869
344171   95780
344810   4537
345960   345962
345966   175943
345998   267885
346658   34274
346884   91656
347036   279802
347522   21351
347523   4537
347527   136683
347531   9264
348961   262817
349006   349007
349007   349006
349207   271785
350179   1631
350889   9262
350894   61751
350896   350897
350896   350898
350897   350896
350897   350898
350898   350896
350898   350897
350906   350912
350912   350906
351144   51919
351144   51920
352017   19515
352496   363730
352506   82778
352988   109403
355257   218676
356371   356239
357014   89497
357415   332329
357845   54390
357959   216687
357974   258266
359023   276442
359879   359880
359879   359882
359880   359879
359880   359882
359882   359879
359882   359880
361267   312
361660   95750
362703   72683
363282   363286
363286   363282
363702   363703
363703   363702
363730   352496
363733   39688
363733   154067
363733   381528
363738   363739
363739   363738
363923   47089
364845   364846
364845   364847
364846   364845
364846   364847
364847   364845
364847   364846
364847   364849
364849   364847
364849   364934
364934   364849
365213   29504
366874   211
366874   2687
367765   388738
368602   1278
369046   369047
369047   369046
369074   369075
369074   369076
369075   369074
369075   369076
369076   369074
369076   369075
369701   316538
370099   370101
370607   370608
370608   370607
370625   95715
372192   12333
372195   389538
372392   372394
372394   135686
374718   1277
374727   374726
375020   8645
375020   87000
375900   15644
376405   336933
376430   112706
376471   169786
377405   388336
380177   176
381262   381265
381265   381262
381433   381435
381435   381433
381528   154067
381528   363733
381787   387267
382731   6480
383539   163605
383969   222212
384504   384506
384504   384507
384504   384508
384504   384511
384506   384504
384506   384507
384506   384508
384506   384511
384507   384504
384507   384506
384507   384508
384507   384511
384508   384504
384508   384506
384508   384507
384508   384511
384511   384506
384511   384507
384511   384508
384744   110742
385115   81562
386423   386425
386425   386423
386937   386938
386938   386937
387267   381787
387928   2720
388012   388011
388014   238620
388336   377405
389538   372195
391032   63900
392026   312
392905   184202
393215   62046
393494   393496
393496   393494
394495   394496
394496   394495
394530   397240
395516   141904
396696   396697
396697   396696
396968   396969
396968   396970
396968   396971
396969   396968
396969   396970
396969   396971
396970   396969
396970   396971
396971   396968
396971   396969
396971   396970
397240   394530
399582   399600
399600   399582
399615   399618
399615   399620
399618   399615
399618   399620
399620   399615
399620   399618
399622   186050
399624   399627
399624   399628
399627   399624
399627   399628
399628   399624
399628   399627
