44   42
689   690
690   689
802   806
806   802
1278   152
1290   1293
1293   1290
1467   3996
1608   1639
1619   1622
1622   1619
1627   1640
1627   1641
1629   2679
1629   4023
1630   2502
1631   1632
1632   1631
1634   1631
1634   1632
1639   1608
1640   1627
1640   5931
1677   1678
1677   4026
1678   1677
1679   1677
1679   10750
1700   1670
1700   3455
1880   1881
1881   1880
1898   1871
3455   1700
3549   37
3853   3854
3854   3853
3996   1467
4026   1677
4026   1678
4027   4028
4028   4027
4119   7184
4279   3152
4298   3786
4533   6753
4740   4741
4740   9804
4741   4740
4741   9804
4745   4744
4747   5780
4752   4753
4753   4752
4759   4761
4763   8652
4765   4766
4766   4765
4927   4925
5133   6362
5205   176
5205   12064
5228   10078
5357   12459
5415   21
5654   12471
5808   9268
5808   9269
6085   8316
6459   7591
6480   4740
6524   6525
6525   6524
6611   672
6630   7529
6754   7594
6821   6822
7260   7261
7261   7260
7265   8446
7337   5228
7337   10078
7529   6630
7591   6459
8040   37
8200   8201
8200   8202
8201   8200
8201   8202
8253   8254
8254   8253
8327   8326
8333   8334
8334   8333
8334   8336
8336   8333
8336   8334
8339   8340
8340   8338
8340   8339
8404   6753
8652   4763
8882   18255
8883   27713
9247   3112
9254   9253
9255   12615
9255   12617
9255   12618
9267   27716
9268   5808
9271   9272
9272   9271
9275   9276
9275   9277
9275   9279
9276   9275
9276   9277
9276   9279
9277   9275
9277   9276
9277   9279
9279   9275
9279   9276
9279   9277
9281   9284
9284   9281
9427   17723
9650   9697
9708   4533
9747   14939
9755   9756
9756   9755
9804   4740
9875   312
9880   151
9880   12645
10015   12649
10034   10035
10035   10034
10078   5228
10443   18824
10443   18825
10443   18826
10595   15930
10750   1679
10971   12064
11163   11124
11295   2640
11427   11428
11427   11429
11427   11430
11428   11427
11428   11429
11428   11430
11429   11427
11429   11428
11429   11430
11430   11427
11430   11428
11430   11429
11431   11427
11431   11429
11433   11434
11434   11433
11435   11437
11437   11435
11438   12406
12064   176
12333   12334
12334   12333
12356   12357
12357   12356
12438   176
12465   21
12504   12505
12511   12512
12511   12514
12511   12515
12512   12511
12512   12514
12512   12515
12514   12511
12514   12512
12515   12511
12515   12512
12518   18898
12518   18899
12610   10080
12610   12609
12611   21099
12615   9255
12617   9255
12617   12615
12617   15740
12618   9255
12618   12615
12618   12617
12645   9880
12646   12647
12646   12648
12647   12646
12647   12648
12648   12646
12648   12647
12649   10015
13592   152
13828   10911
14379   6525
14387   14389
14389   14387
14397   10080
14402   14403
14403   14402
14436   14439
14439   16652
14444   14439
14939   9747
15400   15402
15402   15400
15681   15906
15691   4744
15733   15735
15735   15733
15740   9255
15740   12617
15740   12618
15930   10595
16588   21
16588   24445
16649   16650
16650   16649
16652   14439
16795   23452
16831   16833
16833   16831
17421   24457
17723   9427
18032   18033
18033   18032
18234   22153
18234   22154
18235   9246
18235   31260
18237   18903
18237   18905
18237   26765
18255   8882
18262   18263
18263   18262
18759   3423
18766   12865
18824   10443
18824   18825
18825   10443
18825   18824
18898   12518
18898   18899
18899   12518
18899   18898
18900   18901
18901   18900
18903   18905
18905   18903
18909   18910
18910   18909
18958   18959
18959   18958
18966   18965
18966   28776
18968   18969
19586   19588
19588   19586
19639   19640
19640   19639
19853   33408
19926   26178
20152   20153
20153   20152
20172   5357
20172   33416
20180   20178
20180   27739
20181   20178
20181   20180
20181   27739
20182   20183
20183   20182
20185   29283
20481   20479
20596   22886
20599   20602
20913   47417
20971   20972
20978   20977
21346   21347
21347   21346
21351   21352
21351   21353
21352   21351
21352   21353
21353   21351
21353   21352
21356   21355
21363   21361
22153   18234
22153   22154
22154   18234
22154   22153
22172   22175
22175   22172
22274   22275
22274   22276
22274   22509
22276   22274
22276   22509
22539   23165
22886   20596
23165   22539
23349   18900
23452   14439
24024   24025
24030   24031
24032   24034
24034   24032
24037   18969
24181   24180
24187   39906
24445   16588
24457   26026
24462   24464
24464   24462
24580   47755
24804   28008
24804   28009
24804   28010
25164   42348
25167   26933
26026   24457
26178   19926
26765   18237
26940   26941
26941   26940
27663   26505
27713   8883
27716   9267
27739   20178
27739   20180
28008   24804
28008   28010
28010   24804
28010   28009
28238   37547
28776   18965
28776   18966
28778   28781
28781   28778
28789   28790
28790   28789
28805   28804
28819   28821
28819   28822
28820   28819
28820   28822
28821   28819
28832   12471
28832   28833
28833   28832
28835   28836
28836   28835
28837   28841
28841   28837
29732   29733
29732   29734
29733   29732
29734   29732
29735   29732
29735   45656
29738   29739
29739   29738
29786   29788
29786   29789
29935   1278
30128   30127
30438   20185
30440   30441
30441   30440
30447   30679
30679   30447
31867   31869
31869   31867
32476   50181
32579   13821
32989   9253
32990   7951
33159   33160
33160   33159
33170   176
33191   33189
33194   12506
33196   6739
33201   33199
33202   33203
33202   33204
33203   33202
33203   33204
33204   33202
33204   33203
33209   33211
33211   33209
33213   33209
33213   33211
33214   33216
33215   56758
33229   33228
33352   12523
33363   36586
33408   19853
33416   5357
33416   20172
33417   33418
33420   7951
33421   33422
33422   33421
34197   34198
34279   34281
34281   34279
34281   58754
34281   58755
34820   34821
34841   34842
34841   34843
34841   34844
34842   34841
34842   34843
34843   34841
34843   34842
34843   34845
34844   34841
34845   34841
34845   34843
35545   59026
36157   72639
36159   36161
36159   36162
36164   36165
36165   36164
36185   36187
36187   36185
36224   36222
36422   36426
36424   36426
36426   36424
36433   36434
36434   36433
36475   37088
37088   36475
37547   28238
37944   44839
37947   44839
38131   44848
38131   44849
38307   43776
38584   35112
38792   42360
38943   41538
38943   41818
38973   46889
38977   38975
38977   38978
38978   38975
38978   38977
38982   38981
39536   14439
39539   15579
39539   39540
39542   39545
39545   39542
39549   1287
39906   24187
40145   56542
40213   109397
40224   22853
40245   1632
41072   41073
41073   41072
41495   41494
41502   41506
41506   41502
41508   41509
41509   41508
41512   41758
41758   41512
42348   25164
42360   38792
42632   49722
42899   7951
42947   82515
43040   62070
43890   11427
44109   35112
44212   8645
44236   44237
44236   44238
44236   44239
44237   44236
44239   44236
44446   47360
44454   50276
44456   28824
44508   10443
44512   44511
44514   44511
44514   44512
44515   18037
44518   61771
44576   81451
44790   35864
44826   56585
44837   67530
44839   37944
44839   37947
44843   44844
44844   44843
44852   44856
44856   44852
44861   33354
44911   31034
44914   82777
45282   20178
45656   29735
45793   49506
45853   12506
46556   46557
46556   47404
46557   46556
46626   54918
46862   46864
46864   46862
47068   55950
47089   47410
47404   46556
47417   20913
47426   10443
47428   47429
47429   47428
47549   75329
47665   49673
47753   79764
47753   79765
47755   24580
48094   82797
49506   45793
49589   63499
49673   47665
50181   32476
50276   44454
50474   50476
50475   50476
50475   58974
50476   50475
50476   58974
51919   51918
51920   18766
51921   18766
51933   87093
51934   51936
51936   51934
52053   6459
52053   60886
53118   42132
53126   39549
53148   59513
53532   59516
53532   59517
53609   12459
53634   53635
53635   53634
54034   54035
54034   54036
54035   54034
54036   54034
54040   54038
54069   61888
54252   86166
54394   1580
54395   54396
54405   54407
54407   54405
54618   44849
54624   64419
54916   54917
54917   54916
54918   46626
54919   58251
54925   4747
54926   54927
54927   54926
55625   69058
55681   60180
55950   47068
56447   58690
56487   56488
56502   61656
56502   61657
56598   69066
56741   56742
56742   14399
56758   33215
56831   56832
56832   56831
56835   56834
56836   60313
56837   56838
56837   56839
56838   56837
56838   56839
56839   56837
56839   56838
56840   56841
56845   56846
56846   56845
57140   57142
57142   57140
57656   59891
57658   57660
57660   57658
58189   67133
58251   54919
58361   58359
58495   27663
58686   58687
58687   58686
58690   56447
58692   89497
58692   89498
58695   9990
58697   58698
58698   58697
58754   34279
58754   34281
58754   58755
58755   34279
58926   64118
58934   36402
58967   58968
58967   58969
58967   58970
58969   58967
58969   58968
58970   58967
58970   58968
58970   58969
58974   50475
59448   63416
59455   59456
59459   59458
59459   122645
59513   53148
59516   53532
59517   53532
59519   59518
59866   67218
59891   57656
60126   64722
60126   64723
60180   55681
60316   38981
60316   38982
60863   118213
60869   15279
60880   60881
60881   60880
60886   52053
61074   81095
61246   48715
61431   61432
61432   61431
61432   61434
61656   56502
61657   56502
61771   44518
62070   43040
62107   14439
62482   69497
62482   69498
62695   36159
62699   75329
63243   63244
63243   63245
63244   63243
63245   63243
63307   87800
63416   59448
63499   49589
63505   114157
63513   45035
63623   58410
63624   68262
63633   91014
63633   91015
63751   87000
63850   63849
64022   67074
64084   63180
64094   64096
64096   64094
64118   58926
64192   96592
64419   54624
64559   109845
64702   64704
64704   64702
64722   60126
64722   64723
64737   54285
64740   64741
64741   48774
65311   1562
65712   86956
66195   66194
66752   68066
67074   64022
67138   83102
67138   83104
67218   59866
67419   39558
67530   44837
67533   67534
67534   67533
67535   67533
67535   67534
67557   67555
67871   67872
67872   67871
68066   117288
68262   68263
68263   68262
68434   68436
68436   97744
69058   55625
69066   56598
69106   69108
69108   69106
69498   57140
70068   93441
70336   62359
70338   81561
70529   79032
70822   9253
71202   67136
71838   109206
71838   109207
72094   51926
72265   72266
72266   72265
72509   26178
72683   72681
72710   135847
73939   8040
74196   45804
74506   14632
75023   76706
75087   9121
75329   62699
75856   28794
76142   62843
76200   105975
76361   76358
76706   75023
76835   43028
76906   77384
76909   76910
76910   76909
76913   41131
77384   76906
77631   31846
77861   79186
79032   70529
79572   79573
79572   79574
79573   79572
79573   79575
79575   79574
79765   47753
79765   47754
79766   47754
79785   88828
80598   38948
80604   80603
80605   80606
80607   80606
80642   80643
80642   80644
80643   80642
80643   80644
80644   80642
80644   80643
80743   6459
81095   61074
81269   18766
81410   81411
81561   70338
81564   81566
81566   81564
81582   97579
81587   81585
81590   12615
82107   103785
82244   82246
82246   82244
82515   114684
82575   82576
82579   82581
82581   82579
82587   82588
82587   82589
82587   82590
82588   82587
82588   82589
82588   82590
82589   82587
82589   82588
82589   82590
82590   82587
82590   82588
82590   82589
82596   82597
82596   82599
82597   82596
82599   82596
82599   82597
82779   82780
82789   82790
82789   82791
82789   82792
82790   82789
82790   82791
82791   82789
82791   82790
82791   82792
82792   82789
82792   82791
82797   48094
83097   83099
83099   83097
83101   83100
83102   67138
83102   83104
83104   67138
83104   83102
83105   83107
83105   94252
83107   94252
83151   122483
83157   27560
83330   94255
83628   83630
83630   83628
83639   83640
83639   83642
83640   83639
83640   83642
83642   83639
83642   83640
83646   83649
83710   83709
83715   132731
83870   83871
83870   83872
83871   83870
83871   83872
83872   83870
83872   83871
83876   93986
83904   87448
84390   84392
84392   61087
84392   84390
84393   84394
84393   84395
84394   84393
84394   84395
84395   84393
84395   84394
84397   132735
84413   47406
84414   84416
84416   84414
84416   86113
84969   135370
84975   90380
84978   84981
84981   84978
85364   85366
85366   85364
85367   85368
85367   85369
85369   85368
85370   85371
85536   85538
85538   85536
85546   55609
85589   85590
85589   85592
86113   86114
86113   86115
86114   86113
86114   86115
86115   86113
86115   86114
86132   86133
86133   86132
86193   107590
86952   97790
86956   65712
87002   87003
87003   87002
87093   51933
87093   100482
87448   83904
87449   48094
87449   82797
87453   87455
87455   87453
87658   92288
87671   127656
87800   63307
88106   141188
88565   53532
88782   88783
88783   88782
89005   101008
89486   89487
89487   89486
89488   89489
89489   89488
89493   89494
89494   89493
89494   89495
89495   89493
89495   89494
89497   52833
89500   9253
89503   89504
89503   89506
89506   89503
89540   89542
89542   89540
90044   90043
90049   95733
90443   8254
90462   103308
90509   90510
90510   90509
90511   90512
90512   90511
90520   101485
90520   113184
90525   95985
90740   79562
90779   91446
90779   91447
91014   63633
91014   91015
91015   63633
91015   91014
91019   91021
91024   91025
91024   91026
91025   91024
91025   91026
91026   91024
91026   91025
91028   91024
91028   91025
91029   91031
91030   91029
91031   91029
91033   40237
91440   91441
91440   91442
91441   91442
91443   91445
91445   91443
91446   90779
91446   91447
91447   90779
91447   91446
91907   87453
91907   87455
92288   87658
92296   92297
92297   92296
92369   12064
92790   140398
93363   93365
93365   93363
93441   70068
93492   152163
93605   66261
93986   83876
93986   93989
93989   93986
94236   94237
94237   94236
94252   83105
94255   83330
94311   150647
94311   150648
94311   150649
94443   107144
94534   94537
94544   72681
94544   72683
95716   95715
95717   95716
95718   95719
95718   95720
95718   95721
95719   95718
95719   95720
95719   95721
95720   95719
95720   95722
95721   95718
95721   95719
95723   95724
95733   90049
95734   95735
95735   95734
95735   95736
95750   95751
95751   95750
95755   95756
95756   95755
95985   90525
96543   133546
96546   96547
96547   96546
96549   96978
96592   6459
96978   96549
97121   98040
97141   106108
97198   60313
97316   114296
97546   139068
97579   127556
97710   97512
97744   68436
97780   99049
97790   86952
97790   145769
97837   77614
97958   97959
97959   97958
98040   97121
99049   97780
99171   132763
99385   99384
99387   99388
99388   99387
99681   107655
99681   107656
99687   83154
99796   111843
100235   137288
100374   128090
100410   127567
100411   70068
100426   100427
100426   100428
100427   100426
100427   100428
100428   100426
100428   100427
100482   87093
100718   155722
100749   131493
100905   61427
100965   145785
101485   90520
101491   101492
102219   110742
102649   102651
102651   102649
102659   87383
102811   16795
103053   74019
103091   103093
103093   103091
103308   90462
103454   60190
103598   103599
103599   103598
103703   137165
103732   103734
103733   103732
103733   103734
103733   103735
103734   103732
103734   103735
103735   103732
103735   103734
103781   103782
103782   103781
103785   82107
103788   103789
103789   103788
103791   103790
103793   84412
103795   103796
103796   103795
104149   156681
104198   104200
104200   104198
105336   100432
105351   135089
105353   23897
105483   115672
105602   83899
105903   105904
105973   105974
105974   105973
105975   76200
106095   94747
106095   145232
106102   106101
106103   71424
106108   97141
106110   48094
106110   123122
106149   115099
106152   87723
106659   106661
106661   106659
106666   106670
106667   106670
106670   106666
106670   106667
107144   94443
107590   86193
107655   99681
107655   107656
107742   149829
107747   43206
108097   108098
108097   108099
108098   108097
108098   108099
108099   108097
108099   108098
108109   108108
108168   108167
108465   108466
108466   108465
108466   144474
108868   26178
109198   109199
109198   109200
109198   109202
109199   109198
109199   109200
109200   109198
109200   109199
109200   109202
109202   109198
109202   109199
109202   109200
109206   71838
109207   71838
109209   109210
109209   109211
109210   109209
109211   109209
109211   109210
109213   109214
109213   109215
109214   109213
109214   109216
109216   109214
109232   109233
109233   109232
109234   109235
109235   109234
109237   12340
109397   40213
109598   109599
109599   109598
109604   113033
109604   113034
109615   109617
109621   109622
109622   109621
109631   127832
109815   109816
109815   109817
109815   109819
109816   109815
109816   109817
109816   109819
109817   109815
109817   109816
109817   109819
109819   109815
109819   109817
109843   109844
109844   109843
109845   64559
109846   8719
109846   9121
109847   109844
110168   105351
110178   110229
110229   28014
110229   110178
110461   6739
110504   110507
110507   110504
110533   15735
110535   110533
110543   143304
110742   102219
110748   89485
110775   152202
110785   83097
111308   82596
111308   82597
111843   99796
111870   111872
111872   111870
111945   47068
111979   121124
112016   81659
112057   33432
112371   158679
112470   77126
112706   146479
112721   112720
112726   54917
112728   112729
112729   112728
112733   14439
112770   112771
112771   112770
112772   112770
112773   47587
112864   134125
112864   134127
112864   134128
112864   134129
113033   109604
113033   113034
113034   109604
113034   113033
113179   113180
113180   113179
113184   90520
113517   54390
113577   38982
113710   142854
113710   142856
113800   142858
113840   171375
113877   64723
114054   55609
114152   114156
114153   114155
114155   114153
114156   114152
114156   114153
114177   142861
114182   114183
114183   114182
114187   114191
114189   114187
114189   114191
114189   143564
114190   114187
114190   114191
114190   143564
114191   114187
114191   114190
114191   143564
114195   94070
114296   97316
114305   63898
114376   114377
114376   114378
114376   114379
114377   114376
114377   114378
114377   114379
114378   114376
114378   114377
114378   114379
114379   114376
114379   114377
114383   114384
114384   114383
114683   133893
114769   46876
114921   127512
115099   106149
115102   109665
115114   115115
115115   115114
115250   124982
115283   131663
115474   115473
115504   15644
115672   105483
115722   115723
115723   115722
116473   116475
116473   116476
116475   116473
116475   116476
116476   116473
116476   116475
117288   117289
117289   117288
117291   117290
117292   117291
117295   117297
117297   117295
117836   124995
117841   117842
117841   117843
117841   117845
117842   117843
117842   117845
117843   117842
117843   117845
117845   117842
117845   117843
117921   117922
117975   98005
117982   117981
118063   130120
118133   151157
118133   151158
118213   60863
118339   54335
118589   118590
118590   118589
118599   118597
118600   118602
118602   118600
118607   118610
118610   118607
118638   118640
118640   118638
119326   125849
119476   119477
119476   119479
119477   119476
119479   119476
119540   152
119540   76822
119561   119562
119562   119561
119563   119561
119574   53812
120379   125009
120384   128775
120416   120415
120417   120415
120420   120421
120421   64946
120421   120420
120424   120425
120424   120426
120425   120424
120425   120426
120426   120424
120432   20913
120442   170203
120847   104583
121099   100491
121109   69498
121115   83691
121124   111979
121126   112716
121128   9265
121144   114379
121513   121514
121811   23897
121812   164963
121812   164964
122062   122064
122064   122062
122244   122246
122246   122244
122483   83151
122565   81414
122645   59458
122645   59459
122664   9121
122850   87656
123114   90092
123122   45035
123122   106110
123271   130952
123271   130953
123485   157629
123601   57656
124038   89028
124945   124946
124946   124945
124951   124952
124951   124953
124952   124951
124953   124951
124982   115250
124995   117836
125009   120379
125368   56249
125489   125487
125849   119326
126030   149909
126051   168132
126169   126171
126179   126178
126182   151865
126269   124475
126430   18037
126434   49722
127167   72266
127168   176458
127170   134402
127314   127313
127339   82585
127344   127346
127346   127344
127567   100410
127567   134633
127572   127573
127572   170235
127573   127572
127576   97199
127578   127579
127579   127578
127656   87671
127833   127834
127834   127833
128340   128341
128341   128340
128352   128353
128353   128352
128356   128358
128358   128356
128362   128364
128364   128362
128759   128761
128760   128759
128761   128759
128775   120384
128775   165352
129194   163870
129209   175917
130120   118063
130641   130642
130642   130641
130826   130961
130952   123271
130952   130953
130953   123271
130953   130952
130956   110158
130957   130958
130958   130957
130959   121202
130962   144581
130964   130965
130965   130964
131090   139135
131493   100749
131663   115283
132725   169678
132731   83715
132735   84397
132737   53598
132744   132742
132745   12615
132749   132750
132749   132752
132750   132749
132750   132752
132752   132749
132752   132750
132753   132754
132753   132755
132753   132756
132754   132753
132754   132755
132754   132756
132755   132753
132755   132754
132755   132756
132756   132754
132757   132753
132757   132754
132757   132755
132763   99171
133398   60312
133546   96543
133800   133801
133801   133800
133801   133803
133803   133800
133805   133806
133806   133805
133852   133851
133893   114683
134035   160103
134125   112864
134125   134127
134127   134125
134128   112864
134128   134125
134128   134127
134129   112864
134129   134125
134129   134127
134152   137526
134153   51452
134210   139042
134271   134272
134272   134271
134383   134385
134384   134383
134384   134385
134385   134383
134385   134384
134395   134396
134396   134395
134396   134397
134397   134395
134397   134396
134398   134399
134399   134398
134402   127170
134404   95722
134446   134447
134446   134448
134446   134449
134447   134446
134447   134448
134447   134449
134448   134446
134448   134447
134448   134449
134449   134446
134449   134447
134449   134448
134466   170828
135086   128046
135089   105351
135102   128341
135335   48869
135368   90037
135370   84969
135449   135453
135453   135449
135670   189130
135682   135686
135687   135688
135687   135689
135688   135687
135688   135689
135689   135687
135689   135688
135691   115919
135847   72710
136468   159673
136673   136674
136674   136673
136678   136680
136680   136676
136680   136678
137072   117147
137165   103703
137288   100235
137475   137479
137479   137475
137782   33354
138441   187974
138503   141185
138508   152548
138550   163597
138550   165976
138724   138726
138726   138724
138739   163812
138740   138739
138857   54399
139066   90049
139066   148135
139068   97546
139135   131090
139595   59024
140202   88894
140284   80561
140291   59891
140398   92790
140555   134139
141183   150641
141183   150642
141185   138503
141188   88106
141289   172706
141540   153823
142468   142467
142469   142471
142471   142469
142798   186425
142854   113710
142858   113800
142859   142860
142861   114177
143304   110543
143564   114187
143564   114189
143564   114191
143728   171852
143813   195785
144190   144191
144191   144190
144196   195589
144205   145477
144484   165219
144498   144495
144581   130962
144749   80519
144749   159667
144898   144897
144899   144900
144900   144899
144901   144899
144901   173454
144903   69361
145151   119742
145232   94747
145232   106095
145460   145458
145477   144205
145566   97756
145670   133853
145685   145686
145686   145685
145769   97790
145785   100965
145850   170301
146477   146478
146478   146477
146479   112706
146661   163838
148135   139066
148343   91876
148345   174856
149829   107742
149909   126030
149909   164072
149909   164073
150411   81138
150641   141183
150641   150642
150642   141183
150642   150641
150647   94311
150648   94311
150648   182969
150648   182970
150649   94311
150701   150702
150702   150701
150736   41494
150736   41495
150988   172279
151157   118133
151158   118133
151158   151157
151158   195792
151193   12609
151269   10080
151323   161917
151436   151437
151436   151438
151436   151439
151437   151436
151437   151438
151437   151439
151438   151436
151438   151437
151438   151439
151439   151436
151439   151438
151452   84407
151460   151461
151461   64701
151461   151460
151463   93985
151502   161919
151739   174875
151751   126084
151752   151753
151763   151766
151764   151766
151765   151764
151766   151763
151864   151863
151865   126182
151869   138787
151869   151870
151870   151869
151872   105376
151875   151877
151876   151875
151876   151877
151877   151875
151877   151876
151878   121514
151879   121514
151880   151881
151881   151880
151904   171884
151910   114317
152003   172493
152088   152090
152089   152088
152090   152088
152092   152093
152095   152096
152096   152095
152119   157702
152123   152124
152124   152123
152128   156752
152202   110775
152548   138508
152700   81585
152700   81587
152903   102621
153411   84391
153515   186942
153589   42941
153768   170699
154051   34210
154053   154055
154055   154053
154056   154053
154058   119757
154069   1294
154069   154070
154070   1294
154070   154069
154536   154538
155305   67677
155309   155310
155316   54628
155316   180401
155317   155318
155318   155317
155326   24180
155355   38070
155507   62718
155510   155511
155511   155510
155597   84119
155610   9121
155613   155616
155616   155613
155722   100718
156121   103703
156661   12615
156661   81590
156681   104149
156741   156742
156742   156741
156744   17421
156744   24457
156746   2944
156752   152128
156752   159777
157629   123485
157669   157668
157702   152119
157832   114533
158067   158069
158069   158067
158134   158135
158135   158134
158147   158149
158147   158150
158149   158147
158149   158150
158150   158147
158150   158149
158198   113710
158200   158201
158228   158227
158230   159202
158235   9121
158679   112371
159202   158230
159327   166604
159676   159677
159677   159676
159777   152128
159777   156752
159996   159997
159997   159996
160004   160005
160005   160004
160016   160017
160016   194212
160017   160016
160024   121377
160024   160025
160025   121377
160025   182994
160103   134035
160790   33432
161099   179696
161914   47587
161917   151323
161919   151502
161919   192777
162441   40237
163137   89906
163812   138739
163814   60334
163835   112716
163837   176
163838   146661
163838   163839
163839   146661
163839   163838
163944   163943
164058   164057
164058   164059
164059   164057
164059   164058
164073   164072
164927   81267
164928   164930
164928   164931
164930   164928
164930   164931
164931   164928
164931   164930
164963   121812
164964   121812
165054   165056
165054   170895
165056   165054
165114   166871
165158   165157
165204   155317
165213   165214
165214   165213
165219   144484
165352   128775
165368   206620
165901   167959
165976   138550
165985   94027
166011   106666
166011   106670
166431   117297
166522   81590
166552   36427
166554   87452
166556   166557
166557   166556
166604   159327
166607   23897
166608   12618
166609   9255
166609   12618
166615   58155
166620   166621
166621   166620
166625   166626
166709   82777
166709   171944
166871   165114
167538   167539
167538   167540
167539   167538
167539   167540
167545   167547
167549   127346
167549   167548
167551   127784
167605   167606
167605   167607
167605   167608
167606   167605
167606   167608
167606   167609
167607   167605
167607   167606
167607   167608
167608   167605
167608   167606
167608   167607
167608   167609
167609   167606
167609   167608
168132   126051
169231   38593
169845   26026
170203   120442
170209   170210
170212   170213
170212   170215
170213   170215
170215   170213
170235   127572
170301   145850
170304   186887
170373   82972
170699   153768
170758   12610
170758   35252
170762   170761
170814   197762
170821   79136
170821   170823
170822   170821
170822   170823
170823   170821
170823   170822
170823   193277
170824   79136
170828   134466
170830   114684
170848   50524
171035   144495
171325   124948
171339   179925
171339   196673
171852   143728
171884   151904
171937   171938
171938   171937
171944   82777
171944   166709
171946   171947
171947   171946
171948   171951
171949   171951
171951   171948
171954   171956
171956   171954
171956   195268
171962   171961
171964   171965
171972   144965
172198   105361
172216   185801
172279   150988
172367   202117
172373   178871
172383   174124
172383   174126
172383   174127
172489   172492
172492   172489
172493   152003
172495   137055
172497   172498
172498   172497
172503   119561
172706   141289
172950   68050
173024   117361
173259   76200
173259   105975
173454   144901
173468   143296
173697   54335
173871   193485
174117   174118
174119   174120
174119   174121
174120   174119
174120   174121
174121   174119
174121   174120
174123   174120
174124   172383
174124   174127
174126   172383
174126   174124
174126   174127
174127   172383
174127   174124
174302   174303
174352   78453
174598   180057
174598   203507
174806   15276
174819   174820
174820   174819
174820   174821
174821   174820
174838   120427
174839   174842
174840   174842
174842   174839
174855   70339
174858   174859
174859   174858
174875   151739
175055   194709
175899   90049
175901   175900
175913   21295
175917   129209
176458   127168
176556   176558
176558   176556
176605   176604
176900   200909
176909   176910
176910   176909
177005   99948
177122   64739
177132   177133
177133   177132
177272   189276
177282   109198
177282   109199
177282   109202
177369   187214
177369   187215
177376   177377
177377   177376
177432   139527
177954   95722
178911   114183
179565   190082
179696   161099
179921   194716
179925   171339
179925   196673
180057   174598
180401   54628
180401   155316
180647   180648
180648   180647
180655   180656
180656   180655
181359   193275
181413   127076
181418   181420
181420   181418
182209   114187
182209   114191
182209   143564
182765   138787
182967   150074
182969   150648
182969   182970
182970   150648
182970   182969
182994   121377
182994   160025
183256   183258
183256   183259
183256   183260
183258   183256
183258   183259
183258   183260
183259   183256
183259   183258
183259   183260
183260   183256
183260   183258
183260   183259
183263   183266
183266   183263
183270   183269
183271   183269
183275   193651
183277   183278
183278   183277
183283   172496
183726   183727
183727   183726
183770   187966
183777   141287
184030   55606
184201   154538
184218   14380
184219   108171
184974   201855
185084   116813
185139   9878
185249   185248
185253   185252
185257   185258
185257   185259
185258   185257
185259   185257
185259   185258
185264   158201
185265   185266
185266   185265
185389   185391
185391   185389
185755   219816
186425   142798
186846   186847
186847   186846
186850   186851
186850   186853
186851   186850
186853   186851
186887   170304
186890   186891
186890   186892
186891   186890
186891   186892
186892   186890
186892   186891
187214   177369
187214   187215
187215   177369
187215   187214
187914   193453
187966   183770
187974   138441
188177   188178
188178   188177
188770   95756
188840   44982
188972   188973
188973   188972
188978   33363
189130   135670
189193   189195
189276   177272
189572   59891
190082   179565
190255   49513
190787   136673
190809   190895
190895   190809
191031   191032
191032   191031
191032   224456
191036   198627
191075   100427
191112   191113
191113   191112
191133   157085
191667   207299
191819   115096
192571   151521
192656   194709
192777   84419
192777   161919
193107   167547
193142   9253
193275   181359
193277   170821
193277   170823
193453   187914
193471   193472
193472   193471
193651   183275
193829   182064
193885   9875
194209   194210
194210   194209
194212   160016
194285   50524
194503   194504
194504   194503
194621   165213
194709   175055
194709   192656
194716   179921
194738   191036
194845   208641
194846   109623
195268   171954
195268   171956
195311   195312
195312   195311
195589   144193
195589   144196
195775   195776
195776   195775
195785   143813
195787   63624
195792   118133
195792   151158
195953   9255
196673   171339
196673   179925
196681   196682
196682   196681
196683   196681
196683   196682
196684   196681
196693   196695
196695   196693
197762   15670
197782   139054
197879   197878
198393   157241
198627   191036
198769   122271
198859   183263
198956   198958
198958   198956
199072   199074
199073   199072
199073   199074
199074   199072
199075   203528
199077   216690
199080   88828
199083   12610
199083   199082
199097   199099
199097   199100
199099   199097
199099   199100
199100   199097
199100   199099
199115   151192
199138   199139
199139   199138
200736   148337
200765   211251
200990   200991
200991   200990
200996   200998
200998   200996
201187   99681
201483   189228
201565   201564
201855   184974
202117   172367
202200   57041
202234   110154
203368   203369
203369   203368
203507   174598
203528   199075
203535   203536
203536   203535
203560   159673
203591   210449
204042   204043
204043   204042
205824   151760
206414   177128
206421   85592
206620   165368
206758   144968
207109   207111
207111   207109
207125   207127
207127   207125
207128   215076
207155   211481
207173   214868
207266   31846
207299   127173
207360   120087
207438   207439
207439   207438
207439   213443
208249   208685
208372   138739
208372   163812
208375   208372
208376   208377
208377   208376
208378   19652
208385   230143
208387   91039
208387   115115
208390   204869
208393   208395
208393   208397
208395   208393
208395   208397
208397   208393
208397   208395
208593   218870
208603   230201
208603   230202
208641   194845
208685   208249
209082   141422
209427   133948
209431   177377
209684   81799
209686   212084
209690   209692
209692   209690
209739   169232
209778   147919
210449   203591
210878   210876
210915   210916
210916   210915
210921   210922
210922   210921
210923   210921
210923   210922
210924   210925
210925   210924
210925   210926
210926   210925
211116   211117
211117   211116
211239   211240
211240   211239
211245   211246
211246   211245
211252   211251
211267   128768
211270   211269
211274   142842
211358   200333
211481   207155
211857   216732
211913   202127
211996   231770
212001   229141
212003   212005
212003   212006
212005   212003
212006   212003
212150   212151
212151   212150
212220   212010
212680   50479
212698   226103
212698   226104
213062   233230
213125   213124
213140   213141
213140   213142
213141   213140
213141   213143
213142   213140
213142   213143
213143   213140
213143   213142
213320   213321
213321   213320
213443   207439
213444   213445
213445   213444
213446   167539
213449   163883
213461   150919
213613   213614
213614   213613
213621   122715
213947   225860
213947   225861
214368   185258
214375   121514
214555   214554
214868   207173
214912   214913
214913   214912
214966   214967
214967   217539
215076   207128
215364   215366
215366   215364
215381   215382
215382   215381
215420   215423
215421   215423
215422   215420
215422   228095
215423   215420
215424   31869
215427   125691
215427   218402
215445   215446
215446   215445
215447   215445
215455   87440
215480   172496
215493   42132
215493   221019
215608   37956
215668   177376
215668   177377
215780   218639
215780   218640
216070   216071
216071   216070
216082   216084
216084   216082
216085   216082
216111   236166
216148   226110
216155   216159
216159   216155
216250   97199
216252   216253
216252   216254
216253   216252
216253   216254
216254   216252
216254   216253
216732   211857
217528   217529
217529   217528
217530   217528
217532   217533
217533   217532
217539   214967
217585   217587
217585   217588
217587   217585
217587   217588
217588   217585
217588   217587
217591   217590
218271   186625
218281   218649
218398   218397
218402   125691
218402   215427
218639   215780
218639   218640
218640   215780
218640   218639
218649   218281
218674   218676
218676   218674
218814   47587
218870   208593
218931   218932
218932   218931
218935   236174
218937   232016
218937   232018
219608   34821
219715   219716
219716   133346
219716   219715
219732   127841
219779   219780
219780   219779
219816   185755
219835   219834
219846   221936
220178   185258
220226   220225
220430   238144
220578   67139
220969   227610
221019   42132
221019   215493
221085   115111
221762   157249
221936   219846
222156   222158
222158   222156
222818   128183
222820   222819
222959   109199
223533   12289
223895   223893
223903   223904
223904   223903
223907   40118
223911   42132
223911   223912
223912   223911
224114   224116
224116   224114
224456   191031
224456   191032
224714   224716
224714   224718
224716   224714
224716   224718
224718   224714
224942   224943
224943   224942
224943   231169
224944   132752
225861   213947
225861   225860
225951   208435
226057   212835
226103   212698
226110   216148
226734   226735
226734   226736
226735   226734
226735   226736
226736   226734
226736   226735
226742   226743
226742   226744
226743   226742
226743   226744
226743   226745
226744   226742
226744   226745
226745   226743
227381   207248
227388   227389
227389   6480
227389   227388
227437   227438
227438   227437
227439   227437
227439   227438
227440   227437
227610   220969
227610   240430
227693   132753
227693   132755
227765   227766
227766   227765
227776   241596
228095   215422
228344   237142
228455   228456
228456   228455
228472   163818
228597   68262
229141   212001
229533   9255
229533   12615
229861   89485
229867   205894
230029   240657
230201   208603
230201   230202
230202   208603
230202   230201
230247   230248
230248   230247
230418   230662
230420   230421
230662   230418
230742   183722
231169   224942
231169   224943
231274   231276
231276   231274
231276   237845
231522   231520
231604   76706
231717   231718
231718   231717
231748   165114
231770   211996
231772   12518
232016   218937
232018   218937
232036   232038
232038   232036
233209   233212
233209   240539
233212   233209
233213   242267
233227   233538
233266   233267
233267   233266
233316   112716
233522   12631
233523   233524
233524   233523
233525   233526
233526   233525
233532   218870
233538   233227
233641   233642
233642   233643
233643   233642
233646   233648
233648   233646
234067   234068
234068   234067
234070   212835
234071   189196
234075   235370
234123   241559
234335   242270
234335   245761
234335   245762
234436   215387
234557   234558
234557   240155
234558   234557
234558   234559
234558   240155
234559   10080
234559   234557
234655   105974
235334   235335
235334   235337
235335   235337
235336   235335
235337   235334
235337   235335
235343   235342
235370   234075
235398   241563
235493   236157
235548   234481
235687   80603
235876   54399
236033   236032
236066   236064
236157   235493
236160   236161
236161   12615
236161   236160
236166   216111
236174   218935
236652   210911
236702   236913
236866   117290
237142   228344
237755   240461
237845   231276
237849   237851
237851   237849
238094   238095
238098   238099
238099   86193
238099   238098
238140   238141
238140   238142
238141   238140
238141   238142
238142   238140
238142   238141
238144   220430
238580   178871
238580   239443
238581   178871
238581   238580
238590   238592
238592   238590
239409   238320
239411   239415
239415   239411
239421   239423
239423   239421
239425   142854
239433   239435
239435   239433
239437   239439
239439   239437
239443   178871
239443   238580
239444   239445
239447   239448
239448   239447
239545   239546
239545   239547
239546   239545
239546   239547
239547   239545
239547   239546
240046   94085
240075   240076
240075   240077
240076   240075
240076   240077
240077   240075
240077   240076
240089   240090
240090   240089
240094   240095
240095   240094
240155   10080
240155   234557
240155   234558
240197   240198
240200   240201
240201   240200
240249   114187
240417   240416
240421   240240
240423   240424
240423   240425
240424   240423
240424   240425
240425   240423
240425   240424
240431   240433
240431   240434
240434   240433
240539   233209
240539   242267
240657   230029
240885   228432
241179   241180
241180   241179
241488   241490
241490   241488
241496   59891
241553   151460
241553   151461
241557   223907
241596   227776
241596   245283
241610   198957
242265   246076
242266   242265
242267   233209
242267   233213
242267   240539
242324   245998
242324   245999
242693   239545
242693   239546
242693   239547
243592   243593
243592   243595
243593   243592
243593   243595
243595   243592
243595   243593
243611   182209
243727   245875
243903   243904
243904   243903
243907   243909
243909   243907
243949   244357
244357   251881
244775   9255
244775   12615
244795   244796
244796   244795
244798   244796
244806   244807
244807   244806
244809   244806
245283   241596
245283   247059
245761   234335
245762   234335
245875   243727
245998   242324
245998   245999
245999   242324
245999   245998
246076   242265
246078   177367
246339   253131
247057   247126
247058   247126
247059   247061
247060   247059
247060   247061
247061   247059
247061   247060
247064   95750
247075   235335
247117   114155
247124   247126
247124   247127
247126   247057
247126   247058
247127   247124
247207   247208
247207   247210
247207   250585
247208   247207
247208   247210
247208   250585
247210   247207
247210   247208
247210   250585
247219   247220
247221   3776
247278   243944
247278   243945
248706   248707
248707   248706
248768   151439
248817   248819
249294   255305
249296   235370
249386   254108
249503   249504
249504   249503
249572   48309
250093   246352
250219   118133
250221   250781
250439   243945
250585   247207
250585   247208
250585   247210
250588   253189
250614   250615
250628   216238
250707   250709
250709   250707
250781   250221
250874   251792
250882   250883
250883   250882
250903   154542
250908   250910
251584   251586
251586   251585
251768   79136
251768   170821
251792   250874
251881   244357
252041   243182
252050   253148
252131   63321
252209   252228
252209   252231
252224   252225
252225   252224
252228   146479
252228   252209
252231   252209
252232   252233
252232   252235
252232   254647
252233   252232
252233   252235
252235   252232
252235   252233
252235   255957
252236   246281
252239   252240
252239   253129
252240   252239
252240   253129
252316   63146
252515   252516
252516   252515
252806   246281
253115   253117
253117   253115
253122   87453
253129   252239
253129   252240
253131   246339
253136   253137
253137   253136
253140   235687
253141   253143
253141   253144
253143   253141
253144   253143
253148   252050
253191   253192
253192   253191
253639   254227
254108   249386
254130   254131
254131   254130
254227   238637
254647   252232
254647   252233
254647   252235
255008   170186
255113   248213
255213   255214
255214   255213
255957   252235
255982   255983
255983   255982
255992   176
256128   248707
256344   258269
256651   256650
256657   256660
256658   256657
256660   256657
256818   258229
256858   257457
256871   109617
256871   256873
256873   256871
256873   258065
257377   155606
257397   215422
257397   228095
257457   134153
257457   256858
257822   64739
258065   256871
258065   256873
258269   256344
259162   31966
259366   256868
259824   260078
260020   256340
260078   259824
260099   260395
260141   259292
260143   260144
260143   260145
260144   260143
260144   260145
260145   260143
260145   260144
260148   260150
260150   260148
260395   260099
260481   260639
260540   97148
260627   260654
260639   260481
260654   260627
260656   260657
260657   260656
260662   20624
260910   68460
260910   260972
260942   260955
260943   260969
260943   260971
260955   260942
260966   49446
260966   260967
260967   49446
260967   260966
260969   260943
260971   260943
260972   68460
260972   260910
260981   261003
261003   260981
261350   261352
261351   261352
261351   261361
261351   261372
261352   261351
261352   261361
261352   261371
261352   261372
261353   261354
261354   261353
261354   261357
261361   261351
261361   261352
261361   261372
261364   261363
261371   261351
261371   261352
261372   261351
261372   261352
261372   261361
261416   261414
261582   261583
261582   261593
261582   261594
261582   261595
261583   261582
261583   261584
261583   261595
261584   261588
261584   261590
261584   261598
261587   261582
261587   261590
261587   261599
261588   261584
261588   261598
261588   261605
261590   261582
261590   261584
261591   30459
261593   261582
261593   261583
261593   261594
261594   261582
261594   261584
261594   261593
261595   261582
261595   261583
261598   261584
261598   261588
261599   261584
261599   261606
261600   261603
261600   261604
261603   261600
261603   261604
261604   261600
261604   261603
261605   261584
261605   261588
261606   261584
261606   261588
261606   261599
261649   261653
261652   261653
261653   261649
261657   261649
261657   261653
261664   152
261665   15349
261718   136737
261871   261872
261871   261873
261872   261871
261872   261873
261873   261871
261873   261872
