410   730
415   741
656   1267
730   410
741   909
786   1767
867   866
868   866
909   741
911   748
921   190
1016   1015
1267   656
1272   669
1312   730
1366   190
1438   1581
1767   786
2136   2134
2266   2321
2321   2266
2334   2335
2335   2334
2415   5409
2573   1286
2746   2970
2820   2823
2823   2820
2866   84
2903   3696
2937   2939
3257   5081
3317   7122
3404   5527
3696   2903
3826   3827
3827   3826
3846   3649
3881   3903
3881   3905
3903   3881
3903   3905
3905   3903
3907   4632
4016   4236
4190   2596
4236   4016
4236   4018
4473   5682
4491   6747
4505   6750
4545   6755
4545   6757
4569   867
4569   4209
4632   3907
4758   3299
4941   6334
5000   10136
5000   11671
5081   3257
5091   25230
5409   2415
5469   5468
5527   3404
5581   7652
5682   4473
5910   8300
6075   6077
6077   6075
6176   11302
6305   3574
6334   4941
6334   6451
6334   6452
6334   6454
6451   6334
6451   6452
6452   6451
6452   17801
6510   2035
6632   7960
6643   7006
6747   4491
6750   4505
6755   4545
7006   6643
7122   3317
7249   7253
7646   10617
7960   6632
7967   27313
8046   13263
8091   8093
8140   4213
8140   7208
8217   8513
8422   9579
8513   8217
8513   9589
8558   10951
8786   9640
8810   5651
8936   12239
9066   9069
9069   9066
9092   11841
9398   7202
9534   11483
9577   12969
9577   12970
9589   8217
9589   8513
9640   8786
9862   1286
10083   10084
10084   10083
10617   7646
10626   6944
10745   3464
10745   11159
10919   10920
10920   20179
10951   8558
11104   24397
11288   11290
11290   11288
11302   6176
11387   19421
11460   19157
11485   16368
11605   11606
11632   2266
11632   2352
11671   29031
11768   6866
11791   9078
11832   9052
11841   9092
11987   12002
12080   15057
12088   156
12239   8936
12385   12384
12513   14782
12970   9577
12970   12969
12996   20832
13158   16403
13179   190
13263   8046
13392   8217
13506   13507
13507   13506
13634   3464
13647   22262
13654   21568
13667   29178
13745   6075
14098   26297
14293   14294
14294   14293
14519   12219
14599   8257
14684   16110
14782   12513
14782   23201
15040   15041
15041   15040
15057   12080
15458   3534
15622   15621
15657   9114
15812   17882
16109   16110
16110   16109
16115   18323
16367   28382
16368   11485
16422   7986
17168   17169
17169   17168
17219   23254
17311   4498
17349   21609
17441   17442
17442   17441
17801   994
17850   17852
17852   17850
17882   15812
18094   23490
18302   18304
18322   18323
18323   18322
18459   11945
18714   7323
18999   19001
19001   18999
19157   11460
19171   27752
19171   27941
19421   11387
19657   34871
19849   47626
19870   29500
20142   24486
20179   10920
20327   20986
20371   22684
20373   11986
20373   22684
20652   38017
20698   37454
20779   38774
20953   20955
20955   20953
20984   18076
21205   28810
21257   16451
21561   21563
21563   21561
21803   34284
21866   21869
21869   20175
22186   22187
22187   22186
22187   22188
22188   22186
22188   22187
22253   22255
22283   20175
22370   21561
22604   61038
22791   41901
22936   30183
23028   679
23039   29218
23201   14782
23221   40369
23226   27625
23291   23290
23298   37767
23447   23448
23447   23450
23448   23447
23448   23450
23450   23447
23450   23448
23736   13149
23833   15649
23842   23843
23842   24115
23843   23842
23843   24115
24111   31729
24115   23842
24115   23843
24296   22331
24397   11104
24399   24400
24400   24399
24444   26098
24486   20142
24595   8138
24596   4440
24632   32367
24713   43302
25077   26923
25230   5091
25308   33146
25498   56434
25572   25573
25711   12522
26098   24444
26192   39154
26297   14098
26359   26357
26457   29621
26457   29622
26566   7105
26767   2439
26767   26768
26768   26767
26768   26769
26769   26767
26769   26768
26772   24297
26923   25077
27313   7967
27416   29031
27643   23843
27643   24115
27752   19171
27752   27941
27941   19171
27941   27752
28129   28130
28130   28129
28132   41550
28180   44149
28772   190
28810   21205
28923   42000
28930   26710
29172   17473
29241   10222
29585   38196
29585   38197
29621   26457
29622   26457
29662   29663
29663   29662
29694   29696
29696   29694
30183   22936
30185   50928
30187   30188
30254   30250
30315   18931
30323   30794
30539   994
30590   22331
30723   33570
30724   33570
30724   57386
30744   30750
30890   74989
31154   12913
31222   61088
31258   20553
31336   12522
31539   31540
31540   31539
31540   44698
31729   24111
31762   26047
32001   46147
32129   23842
32129   23843
32129   24115
32231   75209
32232   32231
32301   32302
32302   32301
32367   65072
32630   32634
32634   32630
32815   32817
32817   32815
32818   32817
32821   32823
32823   32821
32865   32866
32869   32867
32869   32870
32877   32879
32877   40546
32879   32877
32879   33269
32889   47251
32992   35586
33146   25308
33269   40546
33269   44739
33555   26982
33570   30723
33711   27342
34143   28513
34285   4982
34287   34285
34287   34286
34288   34289
34289   34288
34297   26593
34304   51271
34356   38970
34492   19849
34538   22595
34560   72225
34871   47554
35243   16797
35646   35649
35649   35646
35812   36628
36015   36018
36018   67121
36048   59045
36114   77828
36134   38728
36317   15811
36317   15812
36320   33093
36323   36322
36324   36325
36325   36324
36328   32291
36523   18695
36535   11048
36551   38739
36628   35812
36710   36708
36725   36726
36726   36725
36741   37415
36852   36853
36853   36548
36853   36852
36929   3464
36929   52722
37065   39458
37233   57827
37260   12219
37260   18669
37260   46666
37289   50897
37351   15511
37353   23630
37355   11489
37388   30744
37388   30750
37415   36741
37449   32370
37454   20698
37661   27439
37661   37663
37767   23298
37768   22602
37933   37935
37935   37933
38098   48671
38122   20779
38122   38774
38133   18695
38196   38197
38197   38196
38392   38394
38548   38550
38548   38551
38550   38551
38551   38550
38653   107087
38721   38720
38725   38727
38725   41763
38727   38725
38727   38726
38728   16284
38728   36134
38729   38730
38730   38729
38734   38735
38735   38734
38736   38737
38737   38736
38801   15196
38970   34356
39014   65468
39038   39040
39040   39038
39087   44384
39154   26192
39192   39193
39192   45416
39193   39192
39193   45416
39281   57111
39344   21623
39566   45238
40133   40134
40134   40133
40200   26359
40217   22263
40270   37094
40338   75463
40369   23221
40433   78721
40505   74369
40546   32879
40546   33269
41008   41888
41095   59311
41272   20179
41656   61169
41683   41684
41684   41683
41710   41711
41888   41008
41888   82512
41901   22791
41901   79388
42000   28923
42055   42056
42056   42055
42084   42086
42218   85194
42256   81012
42576   53516
42613   59715
42657   27719
42658   53520
43155   43156
43156   43155
43274   43275
43275   43274
43302   24713
43351   2439
43469   60053
43469   60054
43543   43544
43543   43546
43544   43543
43544   43546
43546   43543
43546   43544
43638   45028
43711   19452
43791   41104
43900   35307
44042   11995
44072   44073
44073   44072
44149   28180
44149   46045
44226   44225
44384   39087
44698   31539
44698   31540
44709   33965
44739   33269
44755   44756
44755   66957
44827   44829
44829   44827
44858   35586
44996   49324
44998   45000
45000   44998
45024   45025
45025   45024
45028   43638
45277   21672
45372   53932
45416   39192
45416   39193
45445   45444
45493   63390
45493   63392
45493   75040
45496   28948
45792   33800
45799   994
45845   45843
45878   60072
46045   44149
46147   32001
46176   15811
46222   46224
46224   46222
46343   6932
46443   46444
46444   55062
46478   39750
46666   10745
46666   37260
46769   56260
47050   47049
47053   47054
47054   47053
47087   79188
47251   32889
47286   22532
47434   63669
47626   19849
47700   57567
47828   48017
48241   65146
48411   51740
48491   114897
48671   38098
48712   34946
48857   15246
49018   60848
49023   15511
49516   50120
49539   49540
49672   75512
49706   7533
49829   82086
49851   34723
50036   50547
50180   37351
50288   56668
50345   6761
50421   27164
50491   57608
50505   67984
50505   67985
50547   50036
50627   39038
50627   39040
50794   50792
50811   87286
50897   37289
50904   32867
50907   50908
50908   50907
50909   50912
50912   50909
50914   70085
50919   50920
50920   59242
50928   30185
50938   40788
51182   56466
51201   62469
51218   51216
51234   116264
51271   31218
51271   34304
51339   84
51620   20087
51740   48411
51780   70867
51814   31539
51814   31540
52078   52080
52080   52078
52123   52122
52143   63698
52143   63699
52383   786
52420   67368
52449   52450
52534   52952
52596   63917
52736   26457
52782   58588
52831   2134
52831   2136
52878   6055
52952   52534
53067   87305
53114   19816
53114   38777
53187   110016
53192   53195
53195   53192
53284   53286
53286   71913
53295   53294
53295   86160
53520   42658
53591   120083
53591   120086
53596   46956
53621   48738
53889   107754
54086   67910
55018   63369
55018   63371
55062   46444
55142   55143
55142   63372
55142   63373
55143   55142
55147   32875
55147   64426
55574   71962
55626   55627
55627   55626
55706   6176
55724   18999
55790   57659
55823   121496
56204   77288
56204   77289
56260   46769
56434   25498
56481   56482
56482   56481
56668   71450
56668   74401
56774   9404
56930   61658
56930   61659
56930   61661
56954   61925
57021   43979
57152   43305
57265   79833
57386   30724
57386   33570
57413   18695
57567   47700
57608   50491
57608   67401
57614   57616
57614   57618
57616   72850
57616   72971
57618   57614
57655   43139
57659   55790
57769   84523
57827   37233
57876   122641
57979   78987
57995   18294
57995   26005
58182   34893
58408   85004
58588   52782
58732   102504
58737   82838
58784   55424
58784   70076
59018   59019
59019   59018
59019   97953
59078   62548
59154   67861
59294   59296
59296   59294
59296   87515
59302   33093
59311   41095
59314   39314
59706   63838
59715   42613
59764   48491
59771   64294
59799   34285
60039   91475
60060   73398
60072   45878
60411   52145
60500   60539
60848   49018
61019   84723
61038   22604
61081   42654
61088   31222
61123   35264
61123   55870
61148   1295
61169   41656
61315   61317
61317   61315
61331   46095
61541   65551
61625   112824
61625   112825
61625   112827
61653   49016
61658   56930
61658   61659
61658   61661
61659   56930
61659   61658
61661   56930
61661   61658
61922   75397
61923   61922
61923   75397
61925   56954
61972   74262
62048   110859
62048   110860
62167   75773
62171   62169
62366   66960
62437   62438
62444   52147
62469   51201
62548   59078
62561   60317
62599   78359
62731   95772
62840   83499
62867   63460
63369   55018
63369   63371
63371   55018
63371   63369
63372   55142
63377   58588
63390   63392
63390   84137
63391   63390
63392   63390
63393   63390
63393   92126
63394   63390
63395   63396
63395   63397
63396   63395
63404   63406
63406   63404
63412   7105
63460   62867
63660   79893
63669   47434
63698   52143
63698   63699
63699   52143
63699   63698
63730   114974
63843   63846
63844   63843
63846   63843
63872   67655
63917   52596
64093   97956
64193   37065
64223   64224
64223   64225
64224   64225
64225   64223
64225   64224
64305   94245
64426   32875
64426   40546
64461   117959
64660   12549
64708   94490
64708   94492
64711   64709
64711   75245
64885   68937
64924   116069
64954   66434
65072   32367
65272   72865
65382   99478
65433   53184
65468   39014
65473   65474
65474   65473
65506   30185
65540   77127
65551   61541
65691   96615
65777   52450
66157   122948
66304   107186
66796   69995
66799   66801
66801   66799
66829   66830
66830   66829
66843   70765
66957   44755
66959   66960
66960   66959
66972   66971
66992   52312
66992   66993
66992   82404
66993   52312
66993   66992
66993   82404
67038   58928
67121   36018
67196   108908
67252   86959
67275   69530
67368   74369
67401   50491
67401   57608
67613   95267
67655   63872
67861   101729
67910   54086
67984   50505
67984   67985
67985   50505
68079   66192
68368   21561
68450   85004
68643   72275
68700   23209
68706   25941
68772   84763
68937   64885
69056   91727
69116   69117
69117   69116
69127   76456
69235   69237
69237   102701
69253   21803
69279   69281
69281   69279
69282   69284
69284   69282
69372   23843
69451   70961
69500   85212
69505   69506
69506   69505
69530   67275
69773   12219
69995   66796
70054   70055
70056   58355
70072   70075
70072   81166
70076   55424
70076   70077
70077   70076
70080   70078
70081   50547
70085   50914
70315   63336
70406   73910
70570   92388
70579   38440
70579   70580
70765   66843
70773   114480
70867   51780
70889   37072
71000   71002
71015   59771
71040   110087
71189   71380
71192   71380
71192   75384
71380   75384
71434   94789
71450   50288
71450   56668
71470   48456
71526   113128
71767   81986
71767   81988
71777   9404
71913   53286
71962   55574
71962   113129
72119   55281
72153   34753
72225   34560
72275   68643
72307   72308
72308   72307
72308   104094
72323   11764
72454   46460
72557   125074
72635   74239
72719   72720
72777   88984
72850   57616
72865   65272
72885   91975
72902   72899
72915   72916
72916   72915
72955   86053
72971   57614
72971   57616
73231   73233
73398   60060
73574   66224
73610   92328
73640   20482
73666   83939
73752   10222
73753   97805
73755   12522
73774   42094
73858   73860
73861   110904
73910   70406
74072   12385
74256   51173
74369   40505
74369   67368
74401   56668
75070   85208
75078   83389
75209   32231
75216   40962
75330   106000
75384   71380
75397   61922
75463   40338
75502   75503
75503   75502
75504   24397
75505   75506
75505   75507
75506   75505
75507   75505
75507   75506
75508   90550
75512   49672
75773   62167
75847   32604
76138   81794
76317   109366
76456   69127
76612   123483
76685   3407
77127   65540
77243   95841
77288   56204
77289   56204
77293   79743
77307   20223
77307   28047
77316   101295
77339   122095
77591   48211
77592   48211
77597   77598
77828   36114
77850   86076
77933   121276
77957   43543
77957   43544
77957   43546
77957   98488
78006   96742
78269   81
78269   78271
78271   78269
78538   9995
78618   84433
78987   57979
79028   251
79188   47087
79337   79338
79338   79337
79354   79355
79355   79390
79388   41901
79390   79391
79391   79390
79513   11984
79743   77293
79833   57265
79893   63660
79905   110931
80066   34356
80066   38970
80249   118788
80648   28972
80729   24078
80749   63361
80901   103432
80997   102461
81012   42256
81166   70072
81213   81214
81214   81213
81230   1283
81304   112004
81408   125328
81426   81428
81464   33995
81466   6799
81466   22396
81477   50036
81477   50547
81583   6932
81607   6979
81661   84449
81755   11876
81794   76138
81985   20553
81985   31258
81986   71767
81986   81988
81988   71767
81988   81986
82086   49829
82086   125331
82091   51716
82218   80005
82404   66992
82404   66993
82451   50280
82512   41888
82838   58737
82945   100296
82994   23425
82995   106839
83086   83087
83087   83086
83090   24331
83092   24331
83259   119399
83317   74507
83322   83324
83323   83324
83341   61800
83361   95349
83389   97269
83499   131847
83873   88841
83885   68079
83891   83892
83891   83893
83892   83891
83892   83893
83893   83891
83893   83892
83939   73666
83944   102133
83992   90608
84128   51783
84137   63390
84137   63392
84179   10517
84184   84185
84185   84184
84204   141822
84216   89841
84242   84243
84243   84242
84256   251
84440   67959
84449   81661
84516   6176
84622   111760
84723   61019
84751   121315
84853   84854
84870   83723
85112   85113
85113   85112
85119   85120
85120   85119
85127   72719
85127   72720
85178   140017
85194   42218
85208   75070
85270   86674
85315   96820
85376   85377
85377   85376
85382   85383
85382   92064
85383   85382
85383   92064
85422   65658
85608   85611
85608   105552
85611   85608
85616   73347
85759   85755
85781   60275
85803   55285
85958   98250
86053   72955
86076   77850
86135   86134
86651   100294
86694   113834
86876   24648
86884   108230
86913   67988
86959   67252
87286   35912
87305   53067
87421   40546
87515   59296
87922   115960
88057   109087
88097   88098
88098   88097
88109   88111
88111   88109
88111   124883
88112   88113
88112   88114
88113   88112
88113   88114
88114   88112
88114   88113
88115   88116
88116   88115
88164   88165
88165   88164
88165   88166
88166   88164
88166   88165
88167   88164
88167   88165
88304   94586
88318   96866
88463   142096
88984   72777
89199   101364
89225   89227
89383   67256
89758   118562
89764   10745
89810   91307
89841   84216
89915   97960
90087   53789
90098   47554
90550   75508
90597   97636
90608   83992
90769   90768
90848   83432
90849   44755
91071   97978
91246   112029
91286   75695
91301   91663
91415   76334
91475   60039
91475   134828
91520   91521
91521   91520
91663   91301
91727   69056
91814   88452
91815   91817
91815   91818
91817   91815
91817   91818
91818   91815
91818   91817
91820   97866
91822   91825
91825   91822
91975   72885
91978   39498
92064   85383
92121   106269
92328   73610
92388   70570
92858   59313
92894   93763
92974   139177
93013   99035
93108   48097
93260   42687
93339   95665
93341   49566
93375   122520
93434   147952
93510   115372
93763   92894
93766   93767
93767   93766
93767   102174
93802   70730
93851   143732
93954   21167
93955   21167
93955   93954
94063   81986
94244   97662
94245   64305
94247   94246
94247   94248
94248   49540
94263   94264
94264   94263
94360   104027
94481   63698
94481   94482
94482   63698
94482   94481
94483   63698
94483   94481
94483   94482
94490   64708
94490   94492
94492   64708
94498   75070
94710   11344
94716   135509
94789   71434
94872   98010
95198   61521
95349   83361
95636   114753
95665   93339
95772   62731
95789   95790
95790   95789
95802   12681
95816   107949
95841   77243
96119   46138
96393   108749
96475   96477
96477   96475
96517   121636
96529   96532
96532   96529
96536   96533
96541   74262
96681   96682
96681   96683
96682   96681
96682   96683
96683   96681
96683   96682
96812   60054
96812   105425
96816   96817
96817   96816
96818   109609
96818   109611
96820   85315
96822   96823
96823   96822
96823   96824
96824   96823
96834   92434
96862   96860
96866   3903
96866   3905
96870   114294
97002   130178
97134   97133
97197   25056
97269   83389
97468   49672
97636   90597
97714   46553
97782   97779
97783   142614
97783   142615
97842   137545
97866   91820
97978   91071
98010   94872
98419   66050
98469   143263
98488   43543
98488   43544
98498   83877
98767   73233
99225   100782
99343   63397
99478   65382
99561   102194
99880   73753
99880   97805
100002   97468
100294   86651
100296   82945
100462   110731
100544   97057
100621   15649
100681   100685
100685   100681
100782   99225
100860   128246
100878   100879
100878   142649
100891   100893
101295   117850
101303   101304
101304   101303
101309   127060
101329   51184
101478   101479
101479   101478
101541   123181
101729   67861
101757   115412
101960   143486
102029   139902
102133   83944
102141   50280
102147   102148
102148   102147
102169   105969
102174   93766
102174   93767
102194   99561
102194   107973
102423   138095
102461   80997
102504   58732
102604   113128
102656   40546
102701   69237
102850   113242
103261   135786
103499   152426
103600   70075
103728   132425
104027   94360
104486   60432
104497   139557
104908   126040
105024   98767
105129   154064
105245   110509
105426   105427
105426   105428
105426   105429
105426   105430
105427   105426
105427   105428
105427   105429
105427   105430
105428   105426
105428   105427
105428   105429
105429   105426
105429   105427
105429   105428
105429   105430
105430   105427
105430   105428
105430   105429
105430   155513
105438   105437
105481   99014
105523   105524
105524   105523
105552   85608
105552   85611
105703   156008
105870   69530
105969   102169
106000   75330
106002   106001
106027   41132
106058   153992
106130   70448
106130   121191
106138   99132
106219   128066
106219   128067
106269   92121
106370   45493
106474   132980
106526   131417
106533   40546
106692   116916
106839   15621
106839   82995
107085   122010
107087   38653
107091   107093
107093   107091
107151   107150
107231   109391
107377   35646
107628   56803
107754   53889
107779   62767
107868   89034
107949   95816
108049   153757
108053   3407
108053   143793
108132   111881
108230   156240
108261   108262
108263   108264
108264   108263
108291   144200
108363   85212
108414   108417
108423   123504
108436   108438
108436   108439
108436   108440
108438   108436
108438   108439
108438   108440
108439   108436
108439   108438
108439   108440
108440   108436
108440   108438
108440   108439
108445   108443
108718   89055
108749   96393
109065   128867
109087   88057
109157   94246
109391   107231
109487   109489
109489   109487
109609   96818
109611   96818
109855   66791
109929   109926
110087   71040
110246   154456
110246   154457
110319   42086
110509   105245
110534   135803
110544   110545
110545   110544
110552   50488
110725   130225
110765   150258
110777   110778
110859   62048
110867   148904
110896   2968
110931   79905
110982   122842
111059   111061
111093   167866
111462   104628
111854   113049
111884   135441
111992   84
111992   51339
112004   81304
112013   134564
112218   74369
112322   133345
112717   118557
112824   61625
112824   112825
112825   61625
112825   112824
112827   47854
112827   61625
112838   112839
112839   112838
112844   58186
112952   3464
113049   111854
113239   102650
113242   102850
113336   61142
113508   128748
113556   51906
113777   90115
114294   96870
114416   32952
114480   70773
114492   101303
114524   125619
114577   54412
114577   166657
114655   114656
114656   114655
114686   114687
114687   114686
114715   133449
114753   95636
114845   114847
114847   114845
114887   116555
114897   48491
114974   63730
115230   163077
115271   157802
115292   67647
115372   93510
115412   101757
115729   58732
115848   129739
115926   105129
115960   87922
116010   41056
116069   64924
116108   136853
116264   51234
116305   131495
116343   116344
116343   116345
116344   116343
116345   116343
116383   18323
116555   114887
117028   143338
117132   135069
117691   117692
117692   117691
117712   32875
117759   149450
117812   132425
117850   101295
117916   17473
117940   58732
117940   102504
117950   121473
117959   64461
117973   50505
118114   118115
118115   118114
118158   116305
118557   127389
118818   58107
119208   59078
119287   113128
119378   121125
119378   122297
119399   83259
119437   135123
119480   175179
119653   165128
119942   119941
119943   100294
119945   128501
120079   21205
120083   120086
120083   128773
120086   120083
120086   128773
120092   120094
120094   120092
120478   39498
120493   86789
120599   10517
120609   144987
120840   149653
120904   112830
120917   1310
120964   152704
121095   152941
121191   70448
121315   84751
121383   139958
121473   117950
121477   121478
121486   121487
121487   121486
121491   147159
121496   55823
121549   20234
121636   96517
121722   139320
121757   58732
121823   33269
122007   122008
122010   107085
122054   122053
122076   169943
122095   77339
122095   94403
122122   101305
122136   143158
122314   122316
122315   122314
122316   122314
122520   93375
122641   57876
122842   110982
122948   66157
123181   123183
123183   123181
123213   99112
123699   123700
123700   123699
123779   123780
123780   123779
123808   59267
123943   123946
123946   123943
123971   154341
124094   141653
124273   128675
124352   170225
124380   44072
124595   9995
124793   126339
124840   124843
124843   124840
124883   88111
125039   176561
125075   125076
125076   35263
125082   125083
125083   125082
125110   154936
125122   147345
125328   81408
125338   128367
125531   125532
125532   125531
125539   66382
125619   114524
125721   125720
125798   31197
125852   140992
125885   139831
125935   137766
126068   148282
126203   126204
126339   124793
126511   144041
126775   94360
126818   180653
126921   153154
127060   101309
127127   53796
127138   127140
127140   127138
127309   169658
127317   127319
127317   127320
127319   127317
127319   127320
127320   127319
127389   118557
127448   141202
127994   127995
128066   106219
128066   128067
128067   106219
128067   128066
128206   177003
128432   107978
128529   147885
128533   133617
128551   178487
128771   81920
128773   120083
128773   120086
128857   146789
128866   61658
128867   109065
129037   129877
129166   177189
129174   143886
129352   177586
129607   167191
129739   115848
129877   129037
129914   45539
129949   88328
130118   53516
130122   130123
130123   130122
130192   119146
130194   130192
130225   110725
130477   178546
130744   137040
130750   37233
131063   123696
131360   162907
131405   141544
131417   106526
131495   116305
131495   132905
131554   65691
131728   115232
131750   131747
131783   148763
131812   58274
131847   83499
131888   40546
131923   141012
132111   43094
132273   114091
132282   155846
132284   132286
132286   132284
132425   103728
132425   117812
132507   91307
132565   117442
132568   147678
132826   81466
132861   132862
132861   132863
132862   132861
132862   132863
132863   132861
132863   132862
132905   131495
133485   81661
133485   84449
133617   128533
133630   180157
133688   41132
133932   34196
134026   143269
134033   187241
134392   178504
134438   148563
134438   148564
134527   129002
134564   112013
134566   49018
134645   113908
134654   134655
134655   134654
134779   152758
134828   91475
134896   88989
135069   117132
135123   58186
135123   119437
135160   135158
135250   173037
135441   111884
135509   94716
135684   135685
135803   110534
135840   151664
135908   135911
136004   154614
136027   136029
136027   136031
136029   136027
136029   136031
136031   136027
136031   136029
136112   156563
136142   136144
136144   136142
136165   136163
136192   188628
136207   43979
136207   74730
136210   49706
136303   73574
136464   3464
136500   115520
136502   136503
136503   136502
136596   105703
136690   74879
136747   136750
137061   167741
137193   146843
137321   173823
137539   233664
137545   97842
137760   137761
137761   137760
137769   170462
137812   165008
138095   102423
138183   123653
138209   138210
138210   138209
138223   138224
138224   138223
138955   138957
138957   138955
138991   110438
139168   154346
139177   92974
139279   10745
139302   191540
139320   121722
139333   127347
139376   73565
139482   179920
139491   21154
139557   29352
139557   104497
139831   125885
139902   102029
139930   73860
139958   121383
140139   140140
140140   140139
140279   140280
140280   140279
140368   57824
140461   140459
140661   159699
140889   140892
140892   140889
140992   125852
141012   131923
141070   145031
141202   127448
141370   167297
141430   142082
141584   141586
141586   141584
141590   141592
141590   141593
141592   141590
141593   141590
141653   124094
141822   84204
141935   59293
142082   141430
142096   88463
142407   23842
142407   24115
142614   97783
142614   142615
142615   97783
142615   142614
142645   142643
142649   100878
142768   184983
142768   184984
142792   84343
142833   37528
143158   122136
143159   143160
143160   143159
143161   97866
143263   98469
143269   134026
143338   117028
143486   101960
143588   123689
143599   63510
143646   77599
143646   143645
143694   180867
143732   93851
143793   108053
144041   126511
144079   174208
144124   152358
144200   108291
144217   154373
144494   112428
144629   155008
144644   148257
144695   185083
144981   144982
144982   144981
144987   120609
145038   82707
145180   88989
145326   44998
145481   41451
145515   91361
145695   62731
145778   70755
146190   117891
146480   147465
146481   136503
146481   146482
146482   136503
146482   146481
146482   146483
146483   136503
146483   146481
146483   146482
146488   76885
146499   17760
146634   63510
146674   147772
146720   74401
146789   128857
146794   168207
146843   137193
146928   102172
146928   179865
147084   147085
147084   169313
147085   147084
147314   123943
147345   159970
147371   132278
147372   147371
147380   109915
147491   1310
147498   165744
147644   176831
147678   132568
147772   146674
147776   49540
147876   138636
147876   180689
147885   128529
147952   93434
147975   147976
147976   147975
147991   70439
148214   61886
148231   24039
148257   144644
148257   149544
148282   126068
148359   127490
148516   196901
148563   134438
148563   148564
148564   134438
148564   148563
148595   158323
148763   131783
148895   187089
148904   110867
149146   152038
149192   128995
149450   117759
149478   149479
149478   151941
149479   149478
149479   151941
149503   89034
149538   146766
149544   148257
149597   149598
149598   149597
149653   120840
149761   108462
149768   175475
149867   149868
149868   149867
149882   149884
149884   149882
150236   169316
150249   64019
150258   110765
150258   176714
150275   164501
150330   124182
150393   150394
150394   150393
150412   66829
150654   167278
150790   127394
151051   165455
151191   151190
151311   151312
151330   157523
151336   189332
151362   185997
151662   160448
151662   182973
151662   182975
151664   135840
151924   173664
151941   149478
151941   149479
151987   69846
151987   153941
152038   149146
152049   128557
152199   152200
152358   144124
152365   183332
152367   102836
152426   103499
152488   152489
152488   152490
152489   152488
152490   152488
152704   120964
152758   134779
152941   121095
153000   20390
153757   108049
153790   116656
153941   69846
153941   151987
153992   106058
154064   21794
154064   105129
154073   17440
154243   159075
154341   123971
154346   139168
154373   144217
154456   110246
154457   110246
154457   154456
154473   81518
154483   37339
154523   74730
154525   69525
154614   136004
154614   165911
154847   193133
154909   154911
154911   154909
154936   125110
154983   160423
155036   155038
155038   155036
155044   70448
155148   179846
155513   105427
155513   105428
155513   105429
155513   105430
155522   11483
155551   111774
155683   62711
155846   132282
156008   105703
156008   178780
156057   161724
156058   145031
156240   108230
156563   136112
157104   82945
157129   57943
157137   31659
157295   158980
157295   175627
157341   191448
157362   116337
157364   1283
157523   151330
157672   74792
157673   157672
157678   157679
157679   157678
157715   157716
157715   157718
157716   157715
157716   157718
157718   157715
157718   157716
157802   115271
158042   110505
158071   127060
158318   158319
158318   158321
158319   158318
158319   158321
158321   158318
158321   158319
158321   161938
158323   148595
158332   158336
158336   158332
158392   182931
158392   193221
158626   49289
158648   40546
158829   139949
158829   193500
158852   160020
158980   157295
158980   175627
159075   154243
159180   45773
159467   103850
159625   80903
159670   9404
159699   140661
159849   159850
159849   159851
159850   159849
159850   159851
159851   159849
159851   159850
159905   130277
159915   101513
159948   160033
159970   147345
160020   158852
160033   159948
160056   111887
160392   200699
160423   154983
160423   163576
160448   151662
160724   204590
160909   81304
160998   174798
161613   52380
161643   161645
161645   112777
161645   161643
161724   156057
161789   167820
161938   158318
161938   158321
162213   162214
162219   178817
162278   118557
162295   186777
162386   162387
162387   162386
162807   63383
162880   51184
162907   131360
162936   53516
163077   115230
163251   40203
163553   179882
163576   160423
163611   163612
163612   163611
163612   163613
163613   163612
163790   104387
164084   153423
164162   108551
164189   183374
164189   183375
164199   91301
164200   164201
164201   164200
164225   164753
164258   77928
164431   100294
164501   150275
164734   10745
164753   164225
164776   10517
165008   137812
165118   103641
165455   151051
165481   10517
165597   168790
165744   147498
165799   196041
166052   166054
166054   166052
166267   94530
166328   203853
166657   114577
166753   43543
166777   51487
166822   189660
166822   189662
167069   122948
167069   143087
167079   154701
167143   111640
167191   129607
167236   174504
167250   73574
167278   150654
167297   141370
167381   56930
167381   61658
167565   9404
167615   160903
167820   161789
167820   171950
167866   111093
168309   10042
168525   155169
168575   121478
168575   121479
168577   58323
168577   101893
168698   100660
168742   168744
168744   168742
168790   165597
169086   64378
169155   181901
169305   128771
169313   147084
169452   180194
169613   20482
169650   204255
169658   127309
169740   188837
169943   122076
169979   72887
169982   84452
170108   206336
170198   170201
170201   170198
170225   124352
170462   137769
170462   194705
170467   137068
170516   170517
170734   53516
170779   185517
170917   157034
171229   171230
171309   191949
171491   136679
171906   211089
171950   161789
171950   167820
172159   167747
172444   188687
172444   188688
172486   179914
172651   85177
172740   7205
172927   146806
172996   182502
173029   105072
173029   118537
173037   135250
173072   23298
173344   183052
173386   106219
173823   137321
173857   205534
173935   88230
174136   37339
174208   144079
174208   174209
174209   144079
174209   174208
174282   83383
174473   63838
174504   167236
174605   174606
174606   174605
174623   75245
174680   4265
174873   201990
175000   175001
175001   175000
175002   175000
175003   175000
175103   197021
175103   197023
175115   184196
175177   155121
175179   119480
175251   6305
175451   213489
175451   213491
175627   157295
175627   158980
175796   79568
175889   55870
175930   179845
176080   21342
176186   46138
176207   196566
176365   188695
176561   125039
176714   150258
176831   147644
177003   128206
177063   77519
177102   177100
177189   129166
177428   187145
177430   152489
177586   129352
177685   209177
177735   149985
177862   136596
177920   116345
177920   211937
178056   178057
178057   178056
178338   75396
178487   128551
178504   134392
178744   209181
178780   105703
178780   156008
178817   162219
178822   178824
178824   178822
178994   162054
179082   180303
179113   149146
179113   152038
179115   87970
179120   122314
179120   122316
179167   179169
179169   179167
179170   32301
179170   188698
179216   70448
179342   50036
179386   179592
179388   120088
179388   179389
179592   179386
179752   179753
179753   179752
179845   175930
179846   155148
179846   179847
179847   155148
179847   179846
179865   102172
179865   146928
179914   172486
179972   50288
179972   56668
180157   133630
180157   133631
180194   169452
180303   179082
180348   185882
180355   199844
180689   147876
180689   185049
180689   185050
180746   180747
180747   180746
180802   180804
180804   180802
180867   143694
181089   69481
181173   181174
181174   181173
181303   95076
181316   147517
181431   161904
181726   56466
181749   180027
181834   9570
181965   136040
182092   182093
182093   182092
182156   186397
182211   182212
182212   182211
182356   160402
182502   172996
182604   125297
182604   193000
182768   46478
182771   182772
182776   15869
182776   40505
182931   158392
182973   151662
182973   182975
182975   151662
182975   160448
182975   182973
183052   173344
183105   215676
183110   25941
183332   152365
183374   164189
183375   164189
183378   49858
183494   125069
183699   216881
183758   30645
183758   40761
183838   112717
183838   185826
183850   10745
184196   175115
184240   89993
184346   30185
184384   191569
184434   184436
184476   174146
184526   56930
184526   61658
184530   115073
184592   204242
184743   136473
184968   75725
184983   142768
185005   32823
185049   180689
185049   185050
185050   180689
185050   185049
185083   144695
185404   185405
185405   185404
185485   185486
185485   185487
185486   185485
185486   185487
185517   170779
185518   90775
185583   158332
185623   16203
185669   74730
185882   180348
186055   90536
186397   182156
186716   179126
186777   162295
187089   148895
187100   187240
187145   177428
187203   10517
187204   187205
187205   187204
187236   187237
187237   187236
187238   187236
187240   187100
187289   187290
187289   218671
187290   187289
187290   218671
187293   187294
187294   187293
187299   187300
187319   49289
187339   184220
187351   209197
187440   139302
187442   187443
187521   215123
188074   44384
188350   139934
188431   171481
188436   63336
188628   136192
188686   177685
188687   172444
188687   188688
188688   172444
188688   188687
188692   25486
188698   32301
188698   32302
188815   190016
188837   169740
188893   152425
188969   211972
189183   10496
189332   151336
189395   155489
189401   189399
189660   166822
189660   189662
189662   166822
189662   189660
189701   189703
189703   189701
189932   190752
190016   188815
190202   20167
190203   20167
190420   148949
190575   40546
190575   158648
190694   190683
190752   189932
190924   206030
191213   217358
191448   157341
191471   174623
191480   191549
191526   21154
191540   139302
191545   206244
191549   191480
191569   184384
191720   198792
191811   140693
191825   56930
191934   203648
191949   171309
192030   26932
192310   105902
192475   150654
192535   220068
192535   220069
192599   195307
193000   182604
193133   154847
193221   158392
193411   34753
193473   170101
193500   139949
193500   158829
193658   119947
193910   203080
193958   200796
194139   89034
194261   210528
194492   194494
194494   194492
194531   183584
194624   207147
194625   194626
194626   194625
194636   68772
194636   222003
194646   194648
194705   62158
194705   170462
194778   10745
194933   208486
194937   194938
194938   194937
194965   62437
195134   103499
195149   169604
195153   114367
195282   159475
195458   203795
195554   195551
195605   72446
195615   56466
195794   195795
195795   195794
195886   53516
195908   197844
196041   165799
196197   174873
196394   210785
196566   176207
196901   148516
196923   58999
196964   196966
196966   196964
197005   199917
197021   109855
197021   175103
197023   175103
197249   222882
197279   163553
197334   141587
197345   213294
197844   211718
197970   34753
197993   129682
198021   199760
198282   198284
198284   198282
198452   198454
198454   198452
198718   198720
198720   198718
198792   191720
198792   227457
198998   213945
198998   218825
199124   224127
199513   202196
199652   7611
199709   153541
199756   204578
199760   198021
199844   180355
199850   46138
199917   197005
200086   218732
200140   128598
200172   59078
200178   225955
200208   138183
200261   200262
200262   200261
200649   29352
200699   160392
200796   193958
200826   3464
200827   154445
200971   203542
201005   166822
201116   112821
201567   228887
201603   120856
201639   83992
201683   219516
201786   130492
201990   174873
201992   201991
202003   202005
202005   202003
202039   202041
202039   202042
202041   202039
202041   202042
202042   202039
202042   202041
202160   216120
202196   199513
202702   228638
202855   216240
203080   205442
203542   200971
203547   46244
203547   203548
203548   46244
203548   203547
203561   203563
203563   203561
203794   208671
203853   166328
203857   209253
204150   113120
204200   63383
204211   219367
204255   169650
204255   204257
204257   204255
204301   60429
204302   204303
204303   204302
204305   70448
204578   199756
204837   215067
205091   180660
205164   132568
205166   178546
205375   79910
205442   203080
205491   52336
205505   61659
205534   173857
205731   205922
205731   205923
205775   79335
205826   183675
205922   205731
205922   205923
205923   205731
205923   205922
206030   190924
206244   191545
206244   207859
206336   170108
206422   53516
206655   181173
206680   233614
206751   206749
206756   206757
206757   206756
206883   206882
207087   230419
207147   194624
207300   215138
207300   215139
207327   216018
207327   216019
207327   230499
207378   172551
207442   210564
207479   163553
207690   232198
207859   206244
208139   165128
208139   222178
208461   34356
208486   194933
208506   219649
208589   215185
208596   98469
208607   216848
208879   230774
208925   221543
208960   90585
209098   67989
209162   59078
209177   177685
209181   178744
209197   187351
209239   209240
209239   209241
209239   209242
209240   209239
209240   209241
209240   209242
209241   209239
209241   209240
209241   209242
209242   209239
209242   209240
209242   209241
209243   209244
209244   209243
209245   232529
209246   78359
209251   209250
209253   203857
209254   209255
209259   209260
209260   209259
209446   136771
209447   209451
209451   209447
209512   170734
209939   209938
210060   225236
210060   225237
210175   94542
210528   194261
210553   175375
210564   207442
210776   89993
210776   210777
210785   196394
210796   25116
210820   210821
210820   231692
210821   210820
210940   102479
211089   171906
211175   191934
211247   70067
211357   211360
211360   211357
211505   77626
211622   203794
211648   211646
211711   74985
211711   188914
211718   197844
211729   219675
211856   126333
211864   148083
212016   17440
212062   216614
212149   197005
212156   120281
212273   41132
212278   212276
212279   120281
212279   212280
212280   120281
212280   212279
212280   212281
212281   10517
212282   120281
212707   196081
212957   225169
212964   120281
213226   216193
213294   197345
213427   196785
213428   196785
213436   213437
213437   213436
213489   175451
213489   213491
213491   175451
213491   213489
213665   216737
213858   56668
214353   178962
214442   9404
214739   235649
214875   225724
214952   216260
214952   216261
214959   233634
215067   91301
215067   91663
215123   187521
215138   207300
215138   215139
215139   207300
215139   215138
215142   41451
215174   7611
215185   208589
215331   216266
215462   128505
215488   97388
215663   127394
215676   183105
215950   140272
216018   207327
216018   216019
216019   207327
216019   216018
216024   178546
216120   216122
216122   202160
216122   216120
216163   236985
216193   213226
216240   202855
216260   214952
216260   216261
216261   214952
216266   215331
216267   216268
216268   216267
216499   216449
216580   239372
216614   212062
216724   236989
216737   213665
216741   200581
216881   183699
217165   49829
217165   188686
217329   229152
217345   115310
217358   191213
217967   217969
217969   217967
217986   210936
218149   220237
218269   213711
218671   187289
218671   187290
218732   200086
218734   232463
218825   198998
218825   213945
218949   205445
219286   221237
219366   219367
219367   219366
219516   201683
219649   208506
219675   211729
219887   168635
220068   192535
220068   220069
220069   192535
220069   220068
220093   220094
220094   220093
220113   197005
220237   218149
220264   237877
220346   228798
220462   143040
220655   48550
220979   216625
221107   223093
221203   232733
221237   221820
221240   226999
221271   225258
221271   225259
221290   80903
221463   212276
221543   208925
221563   222742
221825   169871
221886   241216
222003   68772
222003   194636
222178   208139
222742   221563
222822   148819
222826   226154
222866   242250
222930   148917
222991   149788
223093   221107
223582   228976
223595   182973
223748   224518
223776   212281
223984   202895
224004   148904
224047   238154
224131   45773
224132   230250
224139   15511
224732   232558
224853   230016
225019   163676
225045   1016
225109   227006
225236   210060
225236   225237
225237   210060
225237   225236
225258   221271
225258   225259
225259   221271
225259   225258
225261   154753
225294   81597
225358   7205
225503   225504
225605   101309
225651   225653
225653   225651
225657   202855
225724   214875
225748   152487
225830   18294
225935   226040
225969   73910
226020   182732
226040   225935
226130   101295
226463   151983
226543   74138
226940   231817
226999   221240
227006   225109
227008   227010
227061   102133
227076   70337
227114   242293
227457   198792
227485   231700
227506   227507
227507   227506
227664   227666
227666   227664
227671   227672
227672   227671
227675   227676
227676   227675
227714   216847
227731   227732
227732   227731
227758   120906
227884   236360
227915   136473
228562   241103
228573   205127
228638   202702
228701   70448
228754   203648
228798   220346
228887   201567
228897   53960
228897   208312
228910   241216
229051   235360
229152   217329
229199   240584
229219   229220
229220   229219
229393   1295
229475   179843
229491   243573
229849   229850
229878   237756
230014   155870
230016   224853
230019   238056
230250   224132
230357   54412
230419   136200
230499   207327
230499   216018
230694   3498
230774   208879
231142   144119
231636   126868
231692   210820
231700   227485
231721   51525
231746   240192
231776   246791
231790   231793
231790   242059
231793   231815
231813   66637
231815   231793
231817   226940
231835   231836
231836   135685
231836   231835
231836   245545
231917   151662
231917   182973
231939   231940
231939   236812
231940   231939
232074   236675
232113   237083
232127   232128
232198   207690
232215   230805
232252   93928
232434   46896
232434   234453
232446   240274
232463   201792
232529   209245
232558   224732
232740   83992
232797   207498
232817   202160
232817   216120
232908   196966
233225   32815
233225   32817
233634   214959
233636   216224
233664   137539
233683   233684
233684   233683
233695   113949
233918   43094
233994   217595
234226   246798
234453   232434
234659   3905
234733   140987
234914   201392
234926   128348
235193   240793
235360   229051
235421   238603
235462   235463
235463   235462
235649   214739
235656   235657
235656   242406
235657   235656
235657   242406
235658   235656
235712   192310
235712   235713
235713   192310
235713   235712
235746   72474
235962   188690
236049   149788
236075   19001
236360   227884
236377   247074
236649   167236
236660   244180
236797   67679
236812   231939
236985   216163
236987   146674
236987   147772
236988   236987
236989   216724
237050   34753
237083   232113
237452   167415
237654   245273
237756   229878
237871   79228
237877   220264
238056   230019
238154   224047
238166   224940
238180   98060
238180   248529
238603   235421
238792   139172
238847   238849
238849   238847
239122   43543
239299   173642
239754   242854
239755   242854
240120   240121
240120   240122
240121   240120
240121   240122
240122   8594
240122   240120
240190   209416
240192   231746
240205   245443
240274   232446
240445   20832
240553   240556
240556   240553
240584   229199
240599   208916
240678   247394
240793   235193
240838   243466
240841   187204
240878   227677
240880   230623
240999   224016
241011   7986
241103   228562
241155   19816
241216   221886
242048   59268
242059   231790
242130   242131
242131   242130
242138   107956
242250   242561
242287   50280
242293   227114
242406   235656
242406   235657
242539   211323
242561   242250
242655   219887
242703   250676
242715   242714
242849   216268
242998   250602
243466   240838
243466   244546
243484   245110
243573   229491
243689   246660
243710   224160
243750   243793
243793   243750
243899   46444
244255   74730
244461   123483
244522   192535
244546   243466
244672   244624
244782   113036
244991   227949
245033   44739
245096   167708
245110   243484
245195   223300
245273   237654
245428   35639
245497   163676
245536   246968
245545   231835
245545   231836
245564   230499
245871   245874
245874   245871
246360   36457
246602   85986
246604   246605
246605   246604
246615   246617
246617   246615
246630   248453
246706   251321
246791   57139
246798   142649
246798   234226
246855   221146
246919   11995
246956   248835
246968   245536
247074   236377
247094   242786
247394   240678
247464   243863
247596   180027
248094   229980
248173   240556
248303   126339
248402   42613
248402   59715
248453   246630
248610   236797
248635   252502
248835   246956
248919   252504
248925   249545
249224   249225
249225   249224
249226   252699
249228   249227
249434   120909
249488   249489
249489   249488
249509   136142
249545   248925
249684   254110
250030   252508
250155   246860
250334   250335
250335   250334
250577   251764
250602   242998
250676   242703
250800   167708
250943   253929
251093   251095
251095   251093
251321   246706
251764   250577
252153   256731
252169   50848
252178   214875
252265   115073
252500   115267
252504   248919
252506   252505
252508   250030
252604   246619
252699   249226
252851   250800
253183   7105
253183   256776
253308   238599
253346   255930
253410   254270
253511   256653
253511   256655
253589   257255
253927   242915
253929   250943
254110   249684
254189   127995
254230   11995
254247   257145
254270   253410
254622   255565
254780   241570
255109   249285
255477   257892
255565   254622
255930   253346
256295   125100
256401   249898
256564   14249
256653   253511
256655   253511
256731   65672
256731   252153
256741   256743
256743   234833
256776   253183
256856   61922
256887   59179
256922   53516
256923   257981
257145   254247
257255   253589
257422   246956
257460   259321
257577   257893
257604   101489
257646   255526
257863   48835
257892   255477
257981   256923
258076   258077
258077   258076
258199   259752
258227   259781
258324   7205
258326   70608
258346   256156
258371   258372
258372   258371
258426   237990
258499   259040
258535   259204
258612   62501
258895   55574
258908   306
259040   258499
259126   259275
259136   259137
259137   259136
259174   259938
259204   258535
259275   259126
259321   257460
259475   92290
259573   259669
259669   259573
259671   18323
259752   258199
259826   259827
259827   259826
259938   259174
260210   260212
260212   260210
260308   260307
260371   258371
260575   114381
260614   260329
260638   256006
260707   66843
260739   114381
260739   260575
260739   260745
260745   260739
260873   260716
260918   260919
260918   260921
260919   260918
260919   260921
260920   260918
260921   260918
260921   260919
260928   260855
260965   261069
261069   260965
261095   261097
261097   261095
261375   261433
261448   261464
261464   261448
261469   261413
261700   261816
261816   261700
261957   261970
261970   261957
